[{ "rotation": [-2.9944246142816997,0.05201408636119186,-0.6395915195704729], "transformation": [0.9123220679625007, -0.016643224560942044, 0.40913499897324823, -9.228559517333855, -0.0496831828060354, -0.9962907206237706, 0.0702593861717427, 13.142575569486677, 0.4064480602178928, -0.08442631743231523, -0.9097648988996718, 737.2573888441798, 0.0, 0.0, 0.0, 1.0]},
{ "rotation": [-3.013044343290392,0.08879352586815505,-0.7234922502737624], "transformation": [0.8894675708999676, -0.045943141430299705, 0.45468304132970133, -10.154261893253503, -0.06536989176952575, -0.997493369198555, 0.027087924522849166, 16.175040389259788, 0.4522988144660031, -0.053816411627221686, -0.8902413022727139, 738.6762722416582, 0.0, 0.0, 0.0, 1.0]},
{ "rotation": [-3.0112176597837057,0.09706308330386791,-0.7467261583493912], "transformation": [0.8823347275606223, -0.05159629129876015, 0.46778547568809264, -10.737766290106064, -0.06970774085912322, -0.9973362331184763, 0.021477173309482553, 16.03668181670833, 0.4654312617399469, -0.05155832457772182, -0.8835810544380743, 736.0585070125686, 0.0, 0.0, 0.0, 1.0]},
{ "rotation": [-3.0082147633974246,0.1044569251747143,-0.7916183967214164], "transformation": [0.8683927422712535, -0.057434750254979086, 0.49253963762702463, -11.676044838446465, -0.07229136134565207, -0.9973211262278227, 0.011159312454616245, 16.650370592127942, 0.49057925378617967, -0.04529702686507772, -0.8702184640145137, 737.4230980258046, 0.0, 0.0, 0.0, 1.0]},
{ "rotation": [-2.985613896318428,0.13364297371668857,-0.832086019981588], "transformation": [0.8524637445268549, -0.07234331707440891, 0.5177567080607691, -12.30614838641838, -0.09342861065979946, -0.9955170425513558, 0.014727956408879053, 15.86662760854394, 0.5143701575494369, -0.060928338763450385, -0.8554011214384125, 732.0062466529286, 0.0, 0.0, 0.0, 1.0]},
{ "rotation": [-2.9999999029396696,0.15443832692800788,-0.8896918068058567], "transformation": [0.8338555087767412, -0.09195084093986218, 0.5442701841302108, -11.395029177194337, -0.09685704139890679, -0.9951028265378703, -0.019725063948987563, 18.41314205935483, 0.5434185348459618, -0.03626854652165367, -0.838678060115486, 738.2485191253011, 0.0, 0.0, 0.0, 1.0]},
{ "rotation": [-2.9890254505141027,0.15800506131169542,-0.9339563719643402], "transformation": [0.8174783837242969, -0.09426658415298232, 0.5681926638523597, -11.080301203804462, -0.09788157854972497, -0.9949029458825569, -0.024234786048652954, 18.213077169675852, 0.567581085594055, -0.03580418112928527, -0.8225386142239983, 735.0857079861263, 0.0, 0.0, 0.0, 1.0]},
{ "rotation": [-2.972819789193482,0.14318628918187556,-0.9951089618736791], "transformation": [0.7947400372286835, -0.08537302227694601, 0.6009157347690688, -12.105020854557637, -0.08751424843884081, -0.9958307301572213, -0.025737389042406723, 18.17248160264641, 0.6006076336061128, -0.03213415537765744, -0.798897907440137, 730.1196136308886, 0.0, 0.0, 0.0, 1.0]},
{ "rotation": [-2.952188370013958,0.13505503550575795,-1.0452620808093804], "transformation": [0.773911348253753, -0.07884632390272164, 0.6283665190405081, -12.707355516534031, -0.08345526721010804, -0.9962636784268132, -0.02222389305150939, 17.254777873221382, 0.6277710119294675, -0.0352411727174702, -0.7775999076173747, 726.2782589917387, 0.0, 0.0, 0.0, 1.0]},
{ "rotation": [2.936708515203678,-0.12706247618635652,1.0979899760384308], "transformation": [0.7518333225116464, -0.07711246563515428, 0.6548284682302424, -13.3704393159802, -0.07447995814970537, -0.996713452869066, -0.031859515122523704, 17.811357576370217, 0.6551331093717646, -0.02481855180084708, -0.7551057200759321, 721.8472320256125, 0.0, 0.0, 0.0, 1.0]},
{ "rotation": [2.9295564649722423,-0.13407677195804615,1.116792482305657], "transformation": [0.743041845814879, -0.08102590491197476, 0.6643219235440103, -11.984219657863758, -0.07852083635957999, -0.9963428252106813, -0.03369648213968, 17.841035331996757, 0.6646226701109512, -0.027125216762144723, -0.7466866337294356, 724.7010504373378, 0.0, 0.0, 0.0, 1.0]},
{ "rotation": [2.9130522355707478,-0.10745084996273621,1.1289637415639249], "transformation": [0.7367929423107588, -0.06968404674459924, 0.672517876186464, -12.005432895935018, -0.05843369923720049, -0.9975158159371382, -0.03934081530321447, 18.984254152006482, 0.6735886452090117, -0.010311672248561162, -0.7390345096549459, 720.7394816698311, 0.0, 0.0, 0.0, 1.0]},
{ "rotation": [2.916959307096808,-0.12581727959177824,1.1151384825048345], "transformation": [0.7421623452989012, -0.08092262552382153, 0.6653169033616736, -10.845496161952786, -0.06935550565356315, -0.9966276422150762, -0.0438538095079172, 19.747033034461005, 0.6666219821277827, -0.013596744137824609, -0.7452719379480732, 728.2472045864731, 0.0, 0.0, 0.0, 1.0]},
{ "rotation": [-2.927624593092304,0.1200613613650404,-1.123233566750995], "transformation": [0.7408231447297327, -0.07010518819100783, 0.6680316839951926, -11.382255118497005, -0.07267597508847007, -0.9970658372320929, -0.02403994321137037, 17.57140777493911, 0.6677568950431659, -0.030740507695371743, -0.743744411951405, 726.5965013332628, 0.0, 0.0, 0.0, 1.0]},
{ "rotation": [2.925295877869532,-0.12709417821637659,1.1191738137753604], "transformation": [0.7417707960601636, -0.07815010596244237, 0.666084564488872, -11.50604504585947, -0.07319586258628166, -0.996688196860564, -0.0354260347638283, 18.91789441512373, 0.6666471719076901, -0.022476636245150783, -0.7450344616261599, 724.1166838438184, 0.0, 0.0, 0.0, 1.0]},
{ "rotation": [2.949216156295181,-0.12250328183114295,1.0459433607972988], "transformation": [0.7738369811491423, -0.07701829831256801, 0.628684744789483, -9.274886448985908, -0.07033931574591645, -0.9968895742827107, -0.0355465518275961, 19.117541312923255, 0.6294670025238633, -0.01671401841185986, -0.776847433105208, 734.0916120956691, 0.0, 0.0, 0.0, 1.0]},
{ "rotation": [-2.9782022489682665,0.1175533608074983,-0.960075416242357], "transformation": [0.8091759476449619, -0.06826306172510517, 0.5835875599743304, -9.223579483734277, -0.07455365083024469, -0.9971288028722424, -0.01326286660005863, 17.81587447775059, 0.5828173289297086, -0.032776590525609564, -0.8119419044566898, 733.2804335508803, 0.0, 0.0, 0.0, 1.0]},
{ "rotation": [-2.9777825303510568,0.10696379012094188,-0.9071362520321099], "transformation": [0.8280297601914426, -0.05782765022776686, 0.5576940730422351, -9.103779475920089, -0.07347434483677165, -0.997280923990373, 0.00568148710419587, 16.772327992630505, 0.5558491134184798, -0.04568064704054696, -0.8300271330491836, 736.6686511112821, 0.0, 0.0, 0.0, 1.0]},
{ "rotation": [-2.9867591633320516,0.09731017540139374,-0.895199369830815], "transformation": [0.833376994616527, -0.05339902710208873, 0.5501193768160466, -10.485629823813568, -0.06604990331036419, -0.9978111783650186, 0.0032035296946322095, 16.786929419186936, 0.5487441982532633, -0.039005079596935076, -0.8350798815975751, 732.3531735351727, 0.0, 0.0, 0.0, 1.0]},
{ "rotation": [-3.01033905513689,0.07385965356371807,-0.8312813284767702], "transformation": [0.8572689782233646, -0.040851618441673156, 0.5132455983703746, -9.80287877567676, -0.05027808792444811, -0.9987251832639163, 0.0044857763116501245, 17.03450460743284, 0.5124080530695526, -0.02965052419692856, -0.8582300586464667, 732.6072324785886, 0.0, 0.0, 0.0, 1.0]},
{ "rotation": [-3.0211211216078007,0.050594398267685324,-0.7383963021163628], "transformation": [0.8867889746965767, -0.02420032481088082, 0.46154052761988534, -8.339840525676635, -0.03897915852641487, -0.9989863895552975, 0.022512633871764415, 15.568809026480332, 0.46052789226839114, -0.03795441690132206, -0.8868334244267713, 735.8283397051036, 0.0, 0.0, 0.0, 1.0]},
{ "rotation": [-3.0054040528128785,0.039446450666104325,-0.6688356466353629], "transformation": [0.9054016345494104, -0.011435221631210043, 0.42440206863480523, -6.995342967440969, -0.03853112366841914, -0.9977250660879986, 0.0553176735641313, 12.725808900172478, 0.4228040121192156, -0.06643740065613575, -0.9037825176058399, 735.6143301545961, 0.0, 0.0, 0.0, 1.0]},
{ "rotation": [-3.0373687400239113,0.02292161003505448,-0.5893885110235024], "transformation": [0.9273603848810175, -0.005494832515131894, 0.37412901968299755, -5.298337482530852, -0.023577941704520294, -0.9987631835272105, 0.04377423780684194, 13.492260313450947, 0.3734257586432789, -0.04941568623648119, -0.9263429671215027, 740.9255469288047, 0.0, 0.0, 0.0, 1.0]},
{ "rotation": [-3.040400994706811,0.009520537940879696,-0.5169281281957485], "transformation": [0.9438388295325261, 0.0035585325742090775, 0.33038704682930664, -4.308437774345981, -0.01572181752149126, -0.9983256400383871, 0.055666335390124624, 12.156895315758359, 0.33003195045403266, -0.05773433370069497, -0.9422025569863647, 740.9291138927321, 0.0, 0.0, 0.0, 1.0]},
{ "rotation": [-3.0474401055755838,-0.0025656267471907547,-0.4895379625656231], "transformation": [0.9497252659630568, 0.010372160271028143, 0.31291266750119456, -4.168859865997078, -0.007091783332824889, -0.9984819641502957, 0.05462118522815024, 12.131424994836955, 0.31300419454148104, -0.05409422850803712, -0.9482099918486194, 741.9253891474052, 0.0, 0.0, 0.0, 1.0]},
{ "rotation": [-3.068142407593153,-0.008052529861481653,-0.40016385026207335], "transformation": [0.966552976291178, 0.01129329614081322, 0.25621827703140243, -2.8527304180572077, -0.000976524963521048, -0.9988607299964437, 0.047710464994245465, 13.026480638631357, 0.25646518364421356, -0.046364895484055556, -0.9654407832928399, 739.8977961407977, 0.0, 0.0, 0.0, 1.0]},
{ "rotation": [-3.0823385797189182,-0.020938836978996796,-0.3267635488909596], "transformation": [0.9776924417712802, 0.017845766353601498, 0.2092821490872191, -0.8818942015574865, 0.009011888020951802, -0.9990306222435051, 0.04308830112748353, 13.780758830281437, 0.20984821938155718, -0.04024107904874741, -0.9769055125135605, 743.8023537819975, 0.0, 0.0, 0.0, 1.0]},
{ "rotation": [-3.0847602309635134,-0.03189723210303272,-0.26196801320457347], "transformation": [0.9854761195327753, 0.024373683711698086, 0.1680557686392973, -1.1250087923112417, 0.016665542883651883, -0.9987499397610266, 0.0471255504767752, 13.116716165112267, 0.16899431206705176, -0.04364036399559507, -0.9846504156904196, 742.977803228009, 0.0, 0.0, 0.0, 1.0]},
{ "rotation": [-3.0839455362307553,-0.046173687844305804,-0.22083660464805516], "transformation": [0.989359594731944, 0.03329396751892117, 0.14163016641482948, -0.39819015020724524, 0.026239981039502674, -0.9983341130722906, 0.05138542664228301, 12.715567071057453, 0.14310505129760379, -0.047122291996590425, -0.9885850665927025, 738.1467305846878, 0.0, 0.0, 0.0, 1.0]},
{ "rotation": [-3.0929852799065243,-0.05780864369519099,-0.16258397628400198], "transformation": [0.9937973993215917, 0.03954456869552351, 0.10393727044869495, 0.6619779403427799, 0.03494869681420599, -0.9983448837369219, 0.04567364346426345, 13.939034673336987, 0.10557138671358278, -0.041757875939719066, -0.9935345802257586, 734.6359857133688, 0.0, 0.0, 0.0, 1.0]},
{ "rotation": [-3.078142236557973,-0.06686608188862589,-0.13111672266980154], "transformation": [0.995441911930149, 0.0458562179206168, 0.08362181085617273, 1.063031398565051, 0.04075922421220134, -0.997263749176233, 0.061674145479147235, 11.92869226028116, 0.08622114366249223, -0.057984669154703475, -0.9945871970463683, 734.1929806595547, 0.0, 0.0, 0.0, 1.0]},
{ "rotation": [-3.079736949866845,-0.06011495372857719,-0.0779903711514718], "transformation": [0.99795933983772, 0.04048858814655856, 0.049374388710744, 1.089536570282126, 0.03743887268357178, -0.9974230437779882, 0.06120132803164237, 12.634940551886386, 0.051725108437243414, -0.05922791546687886, -0.9969034894043673, 730.9223764393338, 0.0, 0.0, 0.0, 1.0]},
{ "rotation": [-3.0759302587846147,-0.046450044814572974,-0.06215113410351103], "transformation": [0.9987295148061976, 0.03145716139229553, 0.039367540590135926, 1.0142538007987871, 0.028845854528542533, -0.9974534022088659, 0.06522750262332927, 12.13530659675574, 0.04131915937546516, -0.06400904169800808, -0.9970935611312548, 731.7595976497707, 0.0, 0.0, 0.0, 1.0]},
{ "rotation": [-3.0932531391407885,-0.04743555889812758,-0.00895128220696382], "transformation": [0.9995133155433011, 0.03078396397283339, 0.005047733526628596, 2.536281810939882, 0.030506513455139297, -0.9983800521469797, 0.0480273267193341, 13.943634272188323, 0.006518027956978994, -0.047849963815174965, -0.9988332675048617, 734.8523663246132, 0.0, 0.0, 0.0, 1.0]},
{ "rotation": [-3.0789484230698743,-0.04757196773201811,-0.008780811998788022], "transformation": [0.9995068841214474, 0.03104131318227208, 0.00473555379605908, 2.1603006815742036, 0.030686445392973306, -0.9975853403278879, 0.06230434039484096, 12.409568602147337, 0.006658127588093763, -0.06212829982232127, -0.998045962718255, 735.1211845597172, 0.0, 0.0, 0.0, 1.0]},
{ "rotation": [-3.0754480581019807,-0.05496231177998092,0.02487586933363314], "transformation": [0.9992315053761915, 0.03516077301654758, -0.01732393444081818, 3.2588923383412527, 0.03622026408517425, -0.9972143398010377, 0.06520470048072216, 12.698723046213798, -0.014983028172942317, -0.06578206849939633, -0.9977215184262137, 732.8926912435139, 0.0, 0.0, 0.0, 1.0]},
{ "rotation": [-3.0887748741106584,-0.0665777904012698,0.019279788093349477], "transformation": [0.9989940508874234, 0.042734048959373584, -0.013589972445717434, 3.1099737566021806, 0.04338325022467616, -0.9977180970962987, 0.05173482701704877, 14.379405344313218, -0.011348122817481043, -0.05227236158888065, -0.9985683854010404, 733.7394996538013, 0.0, 0.0, 0.0, 1.0]},
{ "rotation": [-3.089110732894027,-0.07289249953822961,0.015546927374952904], "transformation": [0.9988371939772644, 0.04687495205936036, -0.011269374297490156, 2.665604267862418, 0.04739378559905816, -0.9975576853817134, 0.05130783003079527, 14.49030575373512, -0.008836798866941116, -0.05178226728631276, -0.998619300724993, 734.9392958677331, 0.0, 0.0, 0.0, 1.0]},
{ "rotation": [-3.089410947229076,-0.07279104763518383,0.02219382985567915], "transformation": [0.998788031519398, 0.046695584290155134, -0.015556043886745165, 3.1670538182205137, 0.04743130477988876, -0.9975783991863982, 0.05086854434304398, 14.228173585079048, -0.013143036958124493, -0.05154473672940766, -0.9985841980999967, 732.5535611752384, 0.0, 0.0, 0.0, 1.0]},
{ "rotation": [-3.087789263709626,-0.06941444472097101,0.06312385042280452], "transformation": [0.9981564030230051, 0.043818546853468615, -0.041996786255919676, 3.7704315614522392, 0.04595812405226872, -0.9976194686499965, 0.05141251408066841, 14.32644939112142, -0.03964398993253968, -0.05324782363767579, -0.9977940786254845, 735.1338836030884, 0.0, 0.0, 0.0, 1.0]},
{ "rotation": [-3.0738924672482724,-0.07249544279146404,0.09970103941637666], "transformation": [0.9967921152237823, 0.04493018062923124, -0.06623260448088938, 4.267404846121619, 0.049155188460154084, -0.996763849703813, 0.06360499485953279, 13.193250368197482, -0.0631604819103212, -0.06665663352029648, -0.9957748976212429, 735.7169625610644, 0.0, 0.0, 0.0, 1.0]},
{ "rotation": [-3.0716398336754933,-0.0799964522834315,0.1600938950301373], "transformation": [0.9932405340417766, 0.04849015988864902, -0.10546063687642103, 4.950668097562346, 0.055222890528867835, -0.9965543432474382, 0.06188597027035928, 13.038379754236532, -0.10209639512756442, -0.06729149536635642, -0.9924959348799953, 738.2491823977551, 0.0, 0.0, 0.0, 1.0]},
{ "rotation": [-3.0699377255890843,-0.07189743070860465,0.18307586856441344], "transformation": [0.9918326364777953, 0.042711343992092435, -0.12018220463902164, 4.612837164403599, 0.05048541973365582, -0.9967734300049816, 0.062401535481271184, 12.748854709123552, -0.11712917489602291, -0.06795932850236898, -0.990788719181685, 738.9404792300268, 0.0, 0.0, 0.0, 1.0]},
{ "rotation": [-3.077119230170653,-0.06282319968084615,0.27404671910662076], "transformation": [0.9834524446169693, 0.03588810597727114, -0.17757627382696967, 6.01008692092047, 0.04504670529661746, -0.9978399549323826, 0.04781441918982464, 14.563978873983842, -0.17547673212943776, -0.055022433514928526, -0.9829447839483502, 740.7231501495048, 0.0, 0.0, 0.0, 1.0]},
{ "rotation": [-3.076112129859486,-0.0514428054500322,0.312347760276303], "transformation": [0.9790546501791466, 0.028105016518866273, -0.20164845650057142, 6.79387546163804, 0.0380471780257293, -0.9982350398862861, 0.045598436239668694, 15.181710910022097, -0.20001101021410558, -0.05231551576443573, -0.9783959743393438, 742.3896687024926, 0.0, 0.0, 0.0, 1.0]},
{ "rotation": [-3.0663904294960926,0.004211423555176053,0.372047330880969], "transformation": [0.9710013418643402, -0.009051101677794732, -0.2389026405380829, 6.66056637495169, 0.00364091513141062, -0.9986073590430128, 0.05263160839405585, 15.424227852884071, -0.23904630897517765, -0.05197518661397577, -0.969616131333316, 735.982739447945, 0.0, 0.0, 0.0, 1.0]},
{ "rotation": [-3.072439985058836,0.008470417753533402,0.41894923341203366], "transformation": [0.9634927197192706, -0.010909440441593816, -0.267512173848622, 6.668763930733705, 8.769234566690341e-05, -0.9991565742629042, 0.0410625427521261, 16.365379507105164, -0.2677345165607463, -0.03958691976485402, -0.9626791284875322, 739.0126734393906, 0.0, 0.0, 0.0, 1.0]},
{ "rotation": [-3.0371475991912473,-0.01726406733861915,0.5377490100813784], "transformation": [0.9391962035369888, 0.0010540477645668948, -0.34337935325965213, 7.599927374931657, 0.020973344269929292, -0.9983043252080543, 0.05430094935658371, 14.767698757313951, -0.34273985775197197, -0.058201058875258074, -0.9376257391166033, 736.1921296167865, 0.0, 0.0, 0.0, 1.0]},
{ "rotation": [-3.0301941196676063,-0.032602563726751174,0.5924768283578553], "transformation": [0.9261945990043953, 0.010381446667625192, -0.37690289245397884, 8.187678800028468, 0.031036115441875727, -0.9983277455223529, 0.04876958128315725, 14.582880998061423, -0.37576631609734107, -0.056867724460744624, -0.9249679657162673, 732.6331458174758, 0.0, 0.0, 0.0, 1.0]},
{ "rotation": [-3.036275371204773,-0.051071969888129426,0.6205017495835513], "transformation": [0.9193348863818771, 0.02383535819534105, -0.3927534116731775, 7.329410983608776, 0.040703498954672165, -0.9985693970906309, 0.034675414444547616, 15.344430709128547, -0.3913650365759154, -0.0478647562801058, -0.9189898656961232, 728.461749345069, 0.0, 0.0, 0.0, 1.0]}]