[{ "rotation": [-3.0596805214915386,0.007205400569440234,-0.7012564778270316], "transformation": [0.9001747853763856, -0.0039004709522927495, 0.4355113570263465, -5.265948701633444, -0.00504915406358235, -0.9999861572248149, 0.0014803384714679217, 21.785283988988127, 0.43549955432333315, -0.0035315273039038825, -0.9001820185379622, 763.7876240641813, 0.0, 0.0, 0.0, 1.0]},
{ "rotation": [3.040988604895186,-0.00039435039265389894,0.7709007819930982], "transformation": [0.8792336262993349, -0.0013279552999994953, 0.476388986983582, -5.573811992530552, 0.0008405659828750175, -0.9999902337226865, -0.004338883275146067, 22.376445420172395, 0.47639009627966733, 0.004215328453170899, -0.8792239232258646, 755.9242588111516, 0.0, 0.0, 0.0, 1.0]},
{ "rotation": [3.033238383020459,-0.011515790659974413,0.7990628567108692], "transformation": [0.8701861304152925, -0.008335080674239406, 0.4926526411814035, -5.595440149134321, -0.0058652781134493496, -0.9999612940482344, -0.006558118482647496, 22.75871489673132, 0.49268823503866077, 0.002817238991365735, -0.8702013365991544, 761.3594761952638, 0.0, 0.0, 0.0, 1.0]},
{ "rotation": [3.028653644108977,-0.001369676480543558,0.8263058298147314], "transformation": [0.8614417259626892, -0.0014317807942988638, 0.507854411001992, -5.671024953725793, -0.00025185147985932424, -0.9999971072913129, -0.0023920660188438986, 22.79470739435244, 0.5078563668413101, 0.0019327215949256494, -0.8614395946588369, 763.1632918983281, 0.0, 0.0, 0.0, 1.0]},
{ "rotation": [-3.0245280113179294,0.017337331042553916,-0.8413664929159145], "transformation": [0.8562906586719734, -0.010058847938562827, 0.5163962891513343, -5.7955524795150195, -0.011222545177568141, -0.9999366481544332, -0.0008684223712041969, 22.035232968889755, 0.516372309821951, -0.005051658720285471, -0.8563492969538289, 765.7710505245683, 0.0, 0.0, 0.0, 1.0]},
{ "rotation": [2.9962017404451027,-0.019367037730541384,0.8926942054593527], "transformation": [0.8368751533264296, -0.016204643055905306, 0.5471538972613609, -6.860851601811017, -0.0075404878326193695, -0.9998081569969796, -0.018077340665846466, 23.31202286401913, 0.547341866467486, 0.011002669936594801, -0.8368367955976572, 756.2955252903918, 0.0, 0.0, 0.0, 1.0]},
{ "rotation": [2.9895680914433473,-0.026523066617060984,0.8815495646276821], "transformation": [0.8398997571137653, -0.023290726137043877, 0.5422415882945976, -4.5763298201845455, -0.009350596439335387, -0.9995514843297493, -0.02844989491059103, 23.90892645232778, 0.5426610031561762, 0.018824777560550517, -0.8397408310921461, 757.4338525581073, 0.0, 0.0, 0.0, 1.0]},
{ "rotation": [2.9727951874938543,-0.029475022525596754,0.9214082694299024], "transformation": [0.824579567385006, -0.02671115283195162, 0.5651150779846036, -4.048736131125084, -0.009461545756405752, -0.9993961902356258, -0.03343253048179727, 24.864143260534043, 0.5656668774137795, 0.02222091935328029, -0.8243344069854412, 765.9503577173707, 0.0, 0.0, 0.0, 1.0]},
{ "rotation": [2.9376970654917005,-0.050736185062637044,1.0281116964132693], "transformation": [0.7813402256920619, -0.04025952584659979, 0.6228054449778719, -7.484570197399038, -0.021256284829734323, -0.9990549004039869, -0.037914065121229135, 24.583090069991428, 0.6237432340881264, 0.016385254266765622, -0.7814575493089168, 760.1637610531192, 0.0, 0.0, 0.0, 1.0]},
{ "rotation": [2.9167693380625876,-0.05616730845615529,1.0856678451962938], "transformation": [0.7561072063307911, -0.043858124237421914, 0.6529765366941004, -6.942360712942296, -0.023759492550605835, -0.9989337759056534, -0.03958279763497793, 24.70451681496392, 0.6540163446339736, 0.014414447379236322, -0.7563430733855944, 762.2891106920257, 0.0, 0.0, 0.0, 1.0]},
{ "rotation": [2.870479645585563,-0.08724534914668665,1.1861909490013685], "transformation": [0.7070240456690726, -0.06501569274610132, 0.7041945459476961, -8.724915442993769, -0.038714798698833264, -0.9978301469518424, -0.05325563064853778, 26.051234084969554, 0.7061289989849207, 0.010390261344605686, -0.7080069768453872, 759.596510690397, 0.0, 0.0, 0.0, 1.0]},
{ "rotation": [2.8595634002608916,-0.09187503678464976,1.2279290650931765], "transformation": [0.6872187026669941, -0.06530770466860052, 0.7235090589727344, -8.180242885981253, -0.043084233470288585, -0.997861774657478, -0.04914903359890428, 25.43086874345071, 0.725171844138319, 0.002604301892525439, -0.6885630066164476, 759.3326688859113, 0.0, 0.0, 0.0, 1.0]},
{ "rotation": [2.8388842748931444,-0.08936821462063975,1.256630502407411], "transformation": [0.6710471974832072, -0.06703860731988102, 0.7383776025033156, -9.302887880092204, -0.03813049774444695, -0.9977063181839099, -0.055930025904407196, 26.119560852536463, 0.7404334702670418, 0.009376981631512803, -0.6720642441938032, 765.0227397990667, 0.0, 0.0, 0.0, 1.0]},
{ "rotation": [2.836956683366554,-0.0965969359096965,1.2881761302005301], "transformation": [0.656587020652868, -0.06646729228200764, 0.7513159011806481, -9.823831691162134, -0.04632437550643401, -0.9977827184487184, -0.047788063352941196, 25.473314178274066, 0.7528263654682465, -0.0034272177905690475, -0.6582102381717305, 755.3362393845404, 0.0, 0.0, 0.0, 1.0]},
{ "rotation": [2.8425271408819235,-0.07478952942674622,1.289611102325124], "transformation": [0.6576890984341301, -0.05158551658180982, 0.7515211136620769, -10.260610598127919, -0.03563535323583311, -0.998666142402175, -0.03736385444940234, 24.813785993392003, 0.7524461252479527, -0.0022069206026833106, -0.6586501029384233, 758.6393930040549, 0.0, 0.0, 0.0, 1.0]},
{ "rotation": [2.864921578447212,-0.07066314752542914,1.2146531394922706], "transformation": [0.6944589338551508, -0.05310386808302526, 0.7175700442349773, -8.131666002580952, -0.030462861144827276, -0.9985485635527234, -0.044415991688397695, 26.240514093153674, 0.7188871978826981, 0.008985845614826245, -0.6950686666070834, 764.4020017465081, 0.0, 0.0, 0.0, 1.0]},
{ "rotation": [2.916741302288019,-0.06685160570223991,1.0604446553948959], "transformation": [0.7657591022885041, -0.05320751817755795, 0.6409227389254409, -5.900957482314757, -0.02770280098110378, -0.9983757562370296, -0.04978357335447822, 26.21479287978368, 0.6425305845483976, 0.0203668693599237, -0.7659893201294455, 768.2830262922383, 0.0, 0.0, 0.0, 1.0]},
{ "rotation": [2.962652005741162,-0.0467035141574161,0.9207647244461248], "transformation": [0.823487512706042, -0.04024618349639954, 0.5659050813795452, -4.082942035869104, -0.017221326504667407, -0.9987942475818102, -0.04597256693839434, 25.772357098316746, 0.567072960324009, 0.02811219862372287, -0.8231876833128065, 769.5573148717822, 0.0, 0.0, 0.0, 1.0]},
{ "rotation": [3.0150767321296894,-0.041951928626053195,0.8069376515805897], "transformation": [0.8659956210055965, -0.0311614599085263, 0.4990797008650031, -0.7009609655382001, -0.02076002109313263, -0.9994363951229343, -0.026380174902505077, 22.625281629840035, 0.4996204618741553, 0.012484210829819346, -0.8661544542150738, 769.0488623542016, 0.0, 0.0, 0.0, 1.0]},
{ "rotation": [3.0305625011662602,-0.04171692864455638,0.773275556207142], "transformation": [0.8774188129255511, -0.029217362573363687, 0.4788345982158906, -2.362956530107041, -0.022466942496635826, -0.9995510670779564, -0.0198217254085409, 21.76685184966144, 0.47919877213862894, 0.006634005394582057, -0.8776813355388475, 764.243031922396, 0.0, 0.0, 0.0, 1.0]},
{ "rotation": [-3.04481924395029,0.04538602885122569,-0.7459154892826821], "transformation": [0.8863724035033783, -0.02659303295307836, 0.46220858160142264, -4.784363982343209, -0.029642830811158528, -0.99956033440926, -0.0006636694579361781, 20.141186434059374, 0.4620230133761126, -0.013112912491313862, -0.886770988833561, 763.0549172950379, 0.0, 0.0, 0.0, 1.0]},
{ "rotation": [-3.057202211597952,0.03924959663552402,-0.6819068839179981], "transformation": [0.9049165483848474, -0.02249249389942945, 0.42499426840539783, -4.384713014396279, -0.026418637880926417, -0.9996453661443095, 0.0033462693743594755, 19.95156380316508, 0.42476828510585823, -0.014255864210682746, -0.9051898553915829, 761.5341980745956, 0.0, 0.0, 0.0, 1.0]},
{ "rotation": [-3.053366122515366,0.03956404963647684,-0.6727039593096208], "transformation": [0.9071157409721523, -0.021536751292755153, 0.42032987143943934, -7.465891549838304, -0.027883406431133108, -0.999571029095103, 0.008959544606343888, 19.235259381291847, 0.4199566026702496, -0.019847572584848514, -0.9073271327014041, 758.8783001825765, 0.0, 0.0, 0.0, 1.0]},
{ "rotation": [-3.0536242286338013,0.015136790752066545,-0.6086415126209329], "transformation": [0.9235502008228073, -0.004086851663444397, 0.38345576564140255, -7.729548462839933, -0.014979345213379075, -0.9995645165442748, 0.025424328557282747, 19.334206750832546, 0.38318487154000697, -0.029224560032466654, -0.9232092283517194, 757.0954577049105, 0.0, 0.0, 0.0, 1.0]},
{ "rotation": [-3.053028642522381,0.027399716408622866,-0.5302767089441626], "transformation": [0.9413063529928352, -0.010103927334999981, 0.33740222356667454, -5.902205056712695, -0.02472458922163558, -0.9989307766963035, 0.039064025096517, 17.782988823117876, 0.3366467651755302, -0.0451133463769755, -0.9405497017571812, 766.996386062963, 0.0, 0.0, 0.0, 1.0]},
{ "rotation": [-3.0640148014982183,0.025457527338743676,-0.45409784880117365], "transformation": [0.9569042298673894, -0.009801836210394856, 0.29023821055954035, -5.693378752241723, -0.022700158660211703, -0.9988968456034863, 0.04110711179596539, 18.48394681521869, 0.28951510782461887, -0.04592402258414842, -0.9560711199963055, 760.9602064262481, 0.0, 0.0, 0.0, 1.0]},
{ "rotation": [-3.0730109997405015,0.011600126809677402,-0.40478201274202996], "transformation": [0.9658781711163354, -0.001932267702251589, 0.25898962315600543, -5.098046021161795, -0.012902823228462663, -0.9990894862153962, 0.040665903243264856, 17.39182742287933, 0.2586752321226327, -0.042620005576986614, -0.9650236574358784, 768.362020581057, 0.0, 0.0, 0.0, 1.0]},
{ "rotation": [-3.0646841267780833,0.0018448942478218743,-0.3413307989971858], "transformation": [0.975514825542761, 0.005223690497530709, 0.21987164029010944, -5.258850048066367, -0.007600129941206532, -0.9983201545974673, 0.05743785293137086, 17.104047105868066, 0.21980232749257697, -0.057702530118488034, -0.9738364107214162, 772.7384552632077, 0.0, 0.0, 0.0, 1.0]},
{ "rotation": [-3.0763470671130064,0.004550456952513119,-0.28462747089894275], "transformation": [0.9830321658743927, 0.0018667344455936038, 0.18342376116198822, -3.4806297404392903, -0.007729224622114332, -0.9986385969467868, 0.051586934149006426, 17.219128494108517, 0.18327034660042896, -0.05212933905837152, -0.9816794344725247, 771.542385911627, 0.0, 0.0, 0.0, 1.0]},
{ "rotation": [-3.071907294637183,-0.016910147685184854,-0.2413147860808666], "transformation": [0.9876850974544555, 0.01564144466535965, 0.15567110674483703, -5.03417660623875, 0.0062221327339317505, -0.9981298388257224, 0.060812086874065405, 16.697138690325662, 0.15633116557687177, -0.0590945856616157, -0.9859352902776423, 768.949906818756, 0.0, 0.0, 0.0, 1.0]},
{ "rotation": [-3.07203131848973,-0.01778579205248186,-0.21049550813085738], "transformation": [0.990596626818257, 0.01576994757966626, 0.13590302310701372, -4.781822450937377, 0.007257047705354663, -0.9979928982613615, 0.06290874564390869, 15.688094557955546, 0.1366223195341564, -0.06133093651023415, -0.9887228418681772, 768.4621851679686, 0.0, 0.0, 0.0, 1.0]},
{ "rotation": [-3.0711569986781964,-0.02818581550968878,-0.15098674258009742], "transformation": [0.995015589437298, 0.021556692657644337, 0.09736162374576017, -4.961234314786587, 0.015021482729758555, -0.9976153730876609, 0.0673641034659163, 15.789410111390174, 0.09858159987211952, -0.06556581716741562, -0.992966661970996, 767.8484280084715, 0.0, 0.0, 0.0, 1.0]},
{ "rotation": [-3.0660687062211944,-0.018176120159651796,-0.10819309785496442], "transformation": [0.9974460681005047, 0.014416923780030313, 0.06995350984449383, -3.7548517267088317, 0.009233337742718454, -0.9972254508329366, 0.07386572740571384, 14.73191452636314, 0.0708243369539863, -0.07303117498553019, -0.994811721269538, 772.9943321493799, 0.0, 0.0, 0.0, 1.0]},
{ "rotation": [-3.0669735675480347,-0.031604456084274035,-0.07815096938794597], "transformation": [0.9984921903952155, 0.022435707855605606, 0.050099747831507474, -4.22530532191631, 0.018696710892991165, -0.9970910410802877, 0.07389106034705446, 15.39344574196597, 0.051611807966265105, -0.07284294619553809, -0.9960070915751591, 770.0484819904124, 0.0, 0.0, 0.0, 1.0]},
{ "rotation": [-3.0563800960843808,-0.03087233866046124,-0.077002101375006], "transformation": [0.9985301636228703, 0.02226656209904254, 0.04941368785643764, -4.715930212698284, 0.018036161665149722, -0.9962632352143271, 0.08446456672872273, 13.771559571180072, 0.0511097760479593, -0.0834491843733164, -0.9952004945837576, 762.6597951431141, 0.0, 0.0, 0.0, 1.0]},
{ "rotation": [-3.0752190784551563,-0.047204931524268134,-0.05246433255760471], "transformation": [0.998948322631815, 0.03176853081784289, 0.03306068905451537, -4.938662355808455, 0.029533636361888698, -0.9973809632005759, 0.06602256105556015, 15.444866403748643, 0.03507154165883375, -0.06497672425389886, -0.9972702804510447, 762.9578507443217, 0.0, 0.0, 0.0, 1.0]},
{ "rotation": [-3.061879411013661,-0.03856914722693633,-0.01296451851969861], "transformation": [0.9996474162211065, 0.02548494104341502, 0.007453926648319437, -2.684128928960319, 0.024812958375749435, -0.9965292827759522, 0.07945883001082787, 14.340167694474781, 0.00945305977491901, -0.0792458601446156, -0.9968102794969722, 764.460549084274, 0.0, 0.0, 0.0, 1.0]},
{ "rotation": [-3.026421254734159,-0.038357279675263624,0.08747224956780082], "transformation": [0.9980163839003318, 0.021964818139909397, -0.058998679905462724, -0.4704220988114766, 0.02851788225328879, -0.993227218680772, 0.11263402000925515, 11.586917056574544, -0.05612510898246969, -0.11409311476043785, -0.9918834272765965, 771.8999841508955, 0.0, 0.0, 0.0, 1.0]},
{ "rotation": [-3.053202243367636,-0.04719439861851306,0.13919844175010893], "transformation": [0.9953841039281245, 0.02692823050859731, -0.0921159923622464, 0.9734200237224969, 0.03464721729587263, -0.9959261106441221, 0.08325114095869532, 15.377934582629004, -0.08949891608761622, -0.08605842514796458, -0.9922620074759458, 766.3947792403027, 0.0, 0.0, 0.0, 1.0]},
{ "rotation": [-3.045031773739639,-0.061515359203006784,0.1650931180452671], "transformation": [0.9933410429783552, 0.0352408047319448, -0.1096889147385407, 1.7723874046151815, 0.0451287585211259, -0.9950078798776716, 0.08900962945481333, 14.082062031072626, -0.10600456352919821, -0.09336704270344115, -0.9899725389362061, 766.2432658591807, 0.0, 0.0, 0.0, 1.0]},
{ "rotation": [-3.042387125238773,-0.06473318843854882,0.18779213910865533], "transformation": [0.9915289769574489, 0.0365792420813988, -0.12462843536876148, 1.8605876711069147, 0.047985878035720325, -0.994804188519834, 0.08978854054129488, 14.731853635641386, -0.1206964927529218, -0.09500834464480055, -0.988132466365213, 768.6399037939449, 0.0, 0.0, 0.0, 1.0]},
{ "rotation": [-3.0331973268107943,-0.058069731601736556,0.2995531439884573], "transformation": [0.9800067285458041, 0.028690120941449314, -0.19688496378676695, 4.590644471192114, 0.046957480598988806, -0.9949464596778324, 0.08874985853703198, 15.24813345155958, -0.19334375350847804, -0.09622068039102928, -0.9764014408245926, 769.0860304301222, 0.0, 0.0, 0.0, 1.0]},
{ "rotation": [-3.038641264812635,-0.07656086682020859,0.29333259378381005], "transformation": [0.9803268889464871, 0.04136932332210721, -0.19299681317672546, 1.9926656002960108, 0.05822794952154773, -0.9948875492646002, 0.08251224280550108, 15.434625574203581, -0.1885966508266173, -0.09212677898498804, -0.9777238668923012, 765.7009445756139, 0.0, 0.0, 0.0, 1.0]},
{ "rotation": [-3.0454555394893412,-0.09231523699119722,0.3960717837674344], "transformation": [0.9650012310218626, 0.050590789854105575, -0.25731924939309575, 3.5862619343524322, 0.06839254677847062, -0.9958100185492793, 0.06070310125552565, 16.819316760162778, -0.2531700686721145, -0.07617728623954532, -0.9644179267256157, 763.9332776217991, 0.0, 0.0, 0.0, 1.0]},
{ "rotation": [-3.0300404701187076,-0.1083607145385588,0.45537558483698154], "transformation": [0.9534489252090719, 0.05853815260471285, -0.2958182409982396, 4.421536657527433, 0.0809765072941431, -0.9946483109527972, 0.06416808229321991, 15.035052813475183, -0.2904788327642942, -0.08513531704513236, -0.9530865781803445, 771.0681867566494, 0.0, 0.0, 0.0, 1.0]},
{ "rotation": [-3.0311265254136432,-0.12027263184156979,0.5502240687710577], "transformation": [0.9333104827572224, 0.06619454710337444, -0.35291617235436884, 5.771143752703313, 0.08709367851858055, -0.9952432502766407, 0.04365276555832367, 16.927836926864938, -0.34834786340321017, -0.07147835135596631, -0.9346360849816635, 762.4296510335643, 0.0, 0.0, 0.0, 1.0]},
{ "rotation": [-3.0132341411015084,-0.11610019559176264,0.556208115860836], "transformation": [0.9314241198284843, 0.060671154855620045, -0.35884275103479346, 5.546297494425359, 0.0879466470697768, -0.9943065509647041, 0.06016535529570389, 15.45214438756402, -0.3531493965320025, -0.08759847987927379, -0.9314569287153984, 756.0376904214788, 0.0, 0.0, 0.0, 1.0]},
{ "rotation": [-3.004500556762042,-0.11410484534031681,0.5880296137810351], "transformation": [0.9236606488995709, 0.05799225816596832, -0.3787979721002152, 6.009963247146606, 0.08789048562594935, -0.9941922039502731, 0.06210574966082865, 14.749976741034576, -0.37299633806628524, -0.09065737475412802, -0.9233931839643561, 759.2823147768106, 0.0, 0.0, 0.0, 1.0]},
{ "rotation": [-2.978605916028923,-0.10224682192020583,0.6192466620398671], "transformation": [0.9151773628313469, 0.04575985551985602, -0.4004452898759868, 7.855971681681029, 0.08539841266458913, -0.9929917247790406, 0.08169789247413012, 13.263811147785267, -0.39390037531770616, -0.10896545389777387, -0.9126713670217897, 752.0013812833313, 0.0, 0.0, 0.0, 1.0]},
{ "rotation": [-2.9871128059061802,-0.0988668648097668,0.6445030031469104], "transformation": [0.9091984127194933, 0.04535707070233656, -0.4138852285907989, 6.516945170086504, 0.08078927438225657, -0.9943745280831556, 0.06850102951189814, 15.156856347695578, -0.4084499228218107, -0.09571851459725396, -0.9077481074120464, 759.8013943777545, 0.0, 0.0, 0.0, 1.0]}]