[{ "rotation": [-3.064106284713162,-0.03552225259624243,-0.4524092627064287], "transformation": [0.9570937324915099, 0.029111070532619923, 0.2883125609436999, 3.922049248647798, 0.01624368630792905, -0.9987664363666293, 0.04692279022642756, 1.104941361754799, 0.28932288170934467, -0.04022624963812256, -0.9563859675672014, 684.283146874952, 0.0, 0.0, 0.0, 1.0]},
{ "rotation": [-3.068238762504769,-0.03672567468106365,-0.5017963798979591], "transformation": [0.9476412870851986, 0.028530273718020357, 0.31805976559930244, 3.7065572019287982, 0.01808226283591931, -0.9991970240861875, 0.035753864518951343, 1.751950750189924, 0.31882443880957606, -0.02813059791191139, -0.9473962458648848, 684.5361389273156, 0.0, 0.0, 0.0, 1.0]},
{ "rotation": [-3.0671432501915774,-0.035608666671596886,-0.5479038715490002], "transformation": [0.9379087391839509, 0.02701203001253871, 0.3458287830660916, 3.6895674754677663, 0.01797745284862338, -0.9994088106734852, 0.029305977842161414, 2.2621688613696005, 0.3464159467337606, -0.021269212087226944, -0.9378398650439961, 682.8086531346815, 0.0, 0.0, 0.0, 1.0]},
{ "rotation": [-3.0578782529600645,-0.031011854392964073,-0.6028147145805882], "transformation": [0.9250040234058904, 0.02429778794179837, 0.37917960676182255, 1.7514361365406288, 0.014741358478028217, -0.9994967999496832, 0.028086282070882457, 2.2616490948884627, 0.3796712380904527, -0.020390301407245195, -0.9248967437370426, 679.6022241855271, 0.0, 0.0, 0.0, 1.0]},
{ "rotation": [-3.057006205403697,-0.03555644196976742,-0.6554534401579141], "transformation": [0.9118551495796029, 0.025360372174508417, 0.4097280045448815, 1.0103791379807923, 0.0191111219262716, -0.9996302830780912, 0.01934068695611247, 3.413762475868826, 0.410067008187539, -0.009805543145873015, -0.9120026864651963, 678.5005519819315, 0.0, 0.0, 0.0, 1.0]},
{ "rotation": [-3.0543251537470577,-0.028379482801090487,-0.7030238907059394], "transformation": [0.8992174369655178, 0.01927812323641439, 0.43707705844810363, 0.7379703770750871, 0.016014817086070318, -0.9998095773069461, 0.011150549717634347, 3.7303888490698425, 0.4372087907291722, -0.0030270595942836886, -0.8993549411769235, 679.5054937386974, 0.0, 0.0, 0.0, 1.0]},
{ "rotation": [3.0401478944129154,0.019313366339321156,0.775666485629559], "transformation": [0.8776926762435532, 0.010941335744976726, 0.47909900150234563, 0.1552152793045704, 0.012915669776804084, -0.9999162483787553, -0.000825652694477002, 5.023167003384428, 0.4790498424408941, 0.006912553816864082, -0.8777604827383627, 673.0853436587565, 0.0, 0.0, 0.0, 1.0]},
{ "rotation": [3.010884695533662,0.01852269006413373,0.8392490170902509], "transformation": [0.8557564446739339, 0.007153348469107898, 0.5173294279322491, -1.6326466203285612, 0.015677992400371606, -0.9998037610827619, -0.012109495408866812, 6.151028667697211, 0.5171412843250116, 0.01847346557749758, -0.8557006620987473, 672.2232620999367, 0.0, 0.0, 0.0, 1.0]},
{ "rotation": [2.9952791380609316,0.018668227159862372,0.8992041100596163], "transformation": [0.8345961075761801, 0.007352195493558936, 0.5508132918150345, -1.396066882069799, 0.01551497275837747, -0.9998279867688916, -0.010162799514496326, 6.517987179206395, 0.5506438257521794, 0.0170276861343382, -0.834566615115842, 668.5138997800412, 0.0, 0.0, 0.0, 1.0]},
{ "rotation": [2.9943283418228255,0.02819016023558144,0.9423371008077942], "transformation": [0.8196223136126927, 0.016423108305396568, 0.572668791311143, -1.77943187238831, 0.017838576040892618, -0.999835942000342, 0.0031423381616228823, 5.927580073768893, 0.5726264473747344, 0.007640065305867089, -0.8197808128817803, 668.6018358012034, 0.0, 0.0, 0.0, 1.0]},
{ "rotation": [-2.982439853543609,-0.015623955609696328,-0.9662324029678676], "transformation": [0.8099789160247435, 0.011485471074224794, 0.5863465183230687, -1.4329495686435925, 0.00747799603429241, -0.9999291939561785, 0.009256708348991258, 5.53966412705659, 0.5864113191017826, -0.003113041655732063, -0.810007452929266, 663.918441945653, 0.0, 0.0, 0.0, 1.0]},
{ "rotation": [2.9831683215626157,0.03313658021466166,0.9758610515132511], "transformation": [0.806468992549272, 0.019228958639597463, 0.5909636293429562, 0.4554067497990346, 0.020902926751123603, -0.9997734865916069, 0.004005391578764325, 6.518062523830912, 0.5909067876660409, 0.00912264534544257, -0.8066882580229502, 673.3141569284976, 0.0, 0.0, 0.0, 1.0]},
{ "rotation": [-2.9447722204861013,-0.008809987633610523,-1.085607912393359], "transformation": [0.7606938459884923, 0.006330465743071147, 0.6490799626230284, 0.29539142219751824, 0.004204576189134281, -0.9999795192806282, 0.004825200343356677, 5.987246191751782, 0.6490972147639411, -0.0009413940511640297, -0.7607048833568342, 674.31463349195, 0.0, 0.0, 0.0, 1.0]},
{ "rotation": [2.930677573464773,0.0076951622864259205,1.1088273206915742], "transformation": [0.7495450876292129, 0.0017077864977127302, 0.6619510896404613, 0.9430708689632018, 0.007479698053893931, -0.9999546820289097, -0.005889652407808464, 6.82853269312599, 0.6619110330912595, 0.009365754307073124, -0.7495238934939441, 675.8776060269812, 0.0, 0.0, 0.0, 1.0]},
{ "rotation": [2.9087999530425033,0.007411240828030229,1.1799501731139574], "transformation": [0.7173914924226241, 0.0034091026007923163, 0.6966619155796424, 1.0361951083146108, 0.005342257169883346, -0.9999855453245581, -0.0006078077633038035, 6.393973944489176, 0.6966497734787332, 0.004157783231912585, -0.7173993350642487, 678.6667761437238, 0.0, 0.0, 0.0, 1.0]},
{ "rotation": [-2.9101318199394153,-0.0027846748280848112,-1.1790445599419486], "transformation": [0.7179937365380703, 0.0022765933726473604, 0.6960458400239997, 0.41975225532494437, 0.001011264536440004, -0.9999970075882838, 0.002227590293395359, 6.634709157324088, 0.6960488284855719, -0.0008955094044780074, -0.7179938902433429, 676.00592865194, 0.0, 0.0, 0.0, 1.0]},
{ "rotation": [2.91745439382473,0.012746565095569772,1.1381222621602791], "transformation": [0.7358113102679557, 0.0039582698724928535, 0.6771750495856819, 1.5851428469319817, 0.011209060715816191, -0.9999171097922349, -0.006334864056379064, 7.346056076338362, 0.6770938433035876, 0.012251760867735405, -0.735794687202902, 675.7045473732248, 0.0, 0.0, 0.0, 1.0]},
{ "rotation": [-2.9286160416661247,-0.0036021537352958276,-1.1317576672114296], "transformation": [0.7401240051966024, 0.00282461762374689, 0.6724644811936303, 1.60028076326744, 0.0014560307132198914, -0.9999955655652825, 0.002597849944291467, 6.557830068340795, 0.6724688371265252, -0.0009436021675013656, -0.7401248358950321, 676.8264652505213, 0.0, 0.0, 0.0, 1.0]},
{ "rotation": [2.922241824349053,0.009919852049199844,1.1381928511789496], "transformation": [0.736540678705467, 0.0038987797749521574, 0.6763820134571557, 0.12446676367175476, 0.00789085135179592, -0.9999648658082317, -0.0028287124401202516, 7.0329491281986405, 0.6763472207949355, 0.007420691705727612, -0.7365455656356742, 677.117702548269, 0.0, 0.0, 0.0, 1.0]},
{ "rotation": [-2.9340880689765765,-0.00019987349561492615,-1.1119221156612256], "transformation": [0.7488399015985453, 0.00149393237326112, 0.6627492511802221, 0.7849660837811383, -0.0012556673777710536, -0.9999924665062379, 0.0036729048731577447, 6.791384823071255, 0.6627497454343664, -0.0035826103381454617, -0.748832384335672, 678.9589779641938, 0.0, 0.0, 0.0, 1.0]},
{ "rotation": [-2.9473442617915113,0.00017492498611428826,-1.076603646330769], "transformation": [0.7645578948096112, 0.0011897284188500834, 0.6445539620781068, -0.1304276221985434, -0.0013991807208943734, -0.9999928769067583, 0.0035054855662418802, 5.570179228725671, 0.6445535414359357, -0.0035819941421271384, -0.7645507841473707, 675.7905689669387, 0.0, 0.0, 0.0, 1.0]},
{ "rotation": [2.9605527806869927,0.000520920501843009,1.0422566110596987], "transformation": [0.7794583653032687, -0.0006615239327993715, 0.6264536847563777, -0.5409341298286687, 0.0012877273276436815, -0.999995637806384, -0.002658218676633671, 6.072669115675359, 0.6264527105193867, 0.002878672313671366, -0.7794541132925171, 674.1426813913013, 0.0, 0.0, 0.0, 1.0]},
{ "rotation": [2.9687353347090153,0.0024146046907719968,0.9709038600351958], "transformation": [0.8067695934624303, -0.004164331966902319, 0.5908514884501304, -1.507395181504023, 0.00710311716191021, -0.9998345499378547, -0.016745700258627705, 6.724564650077605, 0.5908234666895429, 0.0177068091376471, -0.8066065336451929, 671.8249234986241, 0.0, 0.0, 0.0, 1.0]},
{ "rotation": [2.9794239543728227,0.00503546935554466,0.9337197087333401], "transformation": [0.8211524320735619, -0.0026882432918794714, 0.5707025991246912, -2.3032444921561774, 0.008843407087323459, -0.999808910130908, -0.01743379975604269, 6.6304115232255745, 0.5706404099349802, 0.019362762479811137, -0.8209717449330325, 668.6757442260912, 0.0, 0.0, 0.0, 1.0]},
{ "rotation": [2.9978396344250413,0.006168418761148468,0.8589095352339244], "transformation": [0.848292098527964, -0.002567671733539103, 0.5295223532929381, -3.6643479109004815, 0.010172741386679132, -0.999724677399111, -0.021144378258142228, 5.963795478157217, 0.5294308556437772, 0.023323302963183336, -0.8480324242805728, 667.7199422076685, 0.0, 0.0, 0.0, 1.0]},
{ "rotation": [3.026521824858681,-0.005383263100670274,0.781304127740332], "transformation": [0.8750444024294061, -0.007295278908524671, 0.4839876782342818, -1.277425547527144, 0.0006254564622706592, -0.9998685415619073, -0.016202110945128825, 4.946611683489142, 0.4840422528882966, 0.014480279711086194, -0.8749248075796634, 673.6076857343772, 0.0, 0.0, 0.0, 1.0]},
{ "rotation": [3.038301340832396,-0.000853074038079986,0.698292989227962], "transformation": [0.8996710107530326, -0.005926329235197215, 0.43652829350731837, -0.8030142856040138, 0.004859738047142691, -0.999709955435006, -0.023587877188325685, 6.123486425457463, 0.43654147037449786, 0.023342742468151174, -0.8993812656584175, 678.432489906671, 0.0, 0.0, 0.0, 1.0]},
{ "rotation": [3.0545146162624564,0.008098881570625866,0.6480235529649709], "transformation": [0.9138545010694166, 0.0011136593379470327, 0.40604028203867526, 0.303600181494606, 0.009034340014632436, -0.9998044506244139, -0.017590941194657567, 5.571809478676882, 0.4059412907991351, 0.019743866756359876, -0.9136858585694753, 679.8101732563268, 0.0, 0.0, 0.0, 1.0]},
{ "rotation": [3.090638423699194,-0.011197638724792467,0.5334936329646376], "transformation": [0.9421073351051216, -0.007925547251447269, 0.3352177722643762, 2.5584717978829716, -0.006147184869157967, -0.9999608435940154, -0.006365799001663721, 3.78761553388106, 0.335255098781973, 0.0039366203157358386, -0.942119165371971, 684.0149146364611, 0.0, 0.0, 0.0, 1.0]},
{ "rotation": [3.0979408856672284,-0.009610082349582473,0.4973403655210247], "transformation": [0.9497314528757113, -0.006677449349961502, 0.3129945352378672, 2.2355790534273123, -0.005418975205088882, -0.9999733584962994, -0.004890501544635988, 3.3922775135735206, 0.3130188526691586, 0.0029485535114957273, -0.949742335534156, 685.0935412605306, 0.0, 0.0, 0.0, 1.0]},
{ "rotation": [-3.098634867154001,0.0030980540414545523,-0.3765598269905175], "transformation": [0.9708944936643746, 0.00046149154679296254, 0.23950713809351964, 3.6880487722917006, -0.0044021353474086415, -0.9997948342376932, 0.019771460138458614, 1.6882543014048066, 0.23946712379067642, -0.020250344618692327, -0.9706932678072127, 682.7253194135042, 0.0, 0.0, 0.0, 1.0]},
{ "rotation": [-3.101509578355165,0.00020452595443394217,-0.34594519588065104], "transformation": [0.9754256851151643, 0.0021807838200299415, 0.22031789986186587, 3.5403075264818606, -0.0024412901073775626, -0.9997826549867866, 0.02070465865894425, 1.3315175032343323, 0.22031516724961195, -0.020733715766887286, -0.9752083572807779, 682.1304422934732, 0.0, 0.0, 0.0, 1.0]},
{ "rotation": [-3.0938853273775835,-0.001549876436325797,-0.2776753283469516], "transformation": [0.9840231827543903, 0.004145842677132875, 0.17799210035958432, 3.545989646590668, -0.0021586799467552967, -0.999377534775153, 0.03521197364001675, -0.3326065978031817, 0.1780272897698759, -0.03503362635004006, -0.9834017129952329, 681.9797531260921, 0.0, 0.0, 0.0, 1.0]},
{ "rotation": [-3.0997462836634626,0.006229041195132472,-0.23416136924186076], "transformation": [0.9886466490301359, -0.0015091883198146924, 0.1502515414633, 4.342669416553, -0.006481122936426536, -0.9994472507808325, 0.03260656302216888, -0.24310995091343132, 0.15011928059701507, -0.03321016797986846, -0.9881099566018873, 682.035317741071, 0.0, 0.0, 0.0, 1.0]},
{ "rotation": [-3.093794488342103,0.012555968111957088,-0.18153785884184181], "transformation": [0.9931077897056362, -0.0055993374878936224, 0.11707077109886226, 4.128980982056236, -0.01057115223396444, -0.99906627126221, 0.04189076708142819, -0.9876499725307871, 0.11672689821301636, -0.04283962004874446, -0.9922396878716591, 679.3123492806241, 0.0, 0.0, 0.0, 1.0]},
{ "rotation": [-3.101489275836787,0.00350018918744998,-0.16658468522772785], "transformation": [0.9942461070810292, -0.00033927456461773937, 0.10711938875380568, 3.593760754584894, -0.004160510167236974, -0.999362747645347, 0.03545121681819646, -0.14524049291164404, 0.10703909897494217, -0.03569290561879575, -0.9936139329634626, 679.4861957875161, 0.0, 0.0, 0.0, 1.0]},
{ "rotation": [-3.116900269629057,0.005787273417186013,-0.13187450315833277], "transformation": [0.9964197681629117, -0.0027807767235133486, 0.08449800527221181, 2.7001918875257886, -0.004631997817909611, -0.9997533558294762, 0.021720315465378337, 1.1365345614061908, 0.08441676498411703, -0.022033946276476195, -0.9961868875874154, 680.2098808971747, 0.0, 0.0, 0.0, 1.0]},
{ "rotation": [-3.124362736979042,0.002463788951776416,-0.11779580031005213], "transformation": [0.9971600216180903, -0.0010093613888702516, 0.07530519554583494, 2.4122348247445107, -0.0021402750018175414, -0.9998861230306261, 0.014938547241963493, 1.4193731141843318, 0.07528154162559621, -0.015057295918272913, -0.9970486283677958, 682.3990148136263, 0.0, 0.0, 0.0, 1.0]},
{ "rotation": [3.1391210704171666,-0.014607103989865144,0.05097464858523787], "transformation": [0.9994294795649155, -0.009336686641970349, 0.032458306473878006, 3.199237194972513, -0.009270970572260971, -0.9999546592036616, -0.002174543983778521, 3.9382174578424767, 0.0324771378241804, 0.0018723833578540342, -0.9994707247835278, 687.7399177778523, 0.0, 0.0, 0.0, 1.0]},
{ "rotation": [-3.139730166253142,0.01990616757367438,-0.03157492036402118], "transformation": [0.999717377431893, -0.01266187902480173, 0.020120687867443643, 2.369446557429484, -0.012694874783421276, -0.9999182721432703, 0.0015130063615064683, 4.350926466512656, 0.02009988594323516, -0.0017680083647965178, -0.9997964136420429, 681.7999745688278, 0.0, 0.0, 0.0, 1.0]},
{ "rotation": [3.1348977815654333,-0.011837820120158672,-0.039285247203448094], "transformation": [0.9996574623204023, -0.007470387865499888, -0.025082889232933343, 3.044495899355282, -0.00763143844582322, -0.999950837571042, -0.006331160100580822, 5.0829252986574565, -0.025034359875583452, 0.006520409964915343, -0.999665326536591, 686.1290218268565, 0.0, 0.0, 0.0, 1.0]},
{ "rotation": [3.1274971393634705,-0.006984921575950879,-0.07130480536856881], "transformation": [0.998951002781263, -0.00416166883187769, -0.045602352514347855, 2.5516544077267587, -0.00476681290099281, -0.9999019184700575, -0.013169317927116439, 5.829013304773239, -0.045543073425889896, 0.013372881231519244, -0.99887286203525, 687.8781827116135, 0.0, 0.0, 0.0, 1.0]},
{ "rotation": [3.1214205820221914,-0.012581371589579185,-0.15104788942406194], "transformation": [0.9952955911782233, -0.007244608899453548, -0.09661367306486066, 2.837065830509977, -0.008838993551973361, -0.9998315596687197, -0.016084914777621882, 6.646752383064118, -0.09648087050901849, 0.01686321239589729, -0.9951919783104729, 688.3699108453998, 0.0, 0.0, 0.0, 1.0]},
{ "rotation": [3.12732318660352,-0.024534271283659616,-0.20989918496938023], "transformation": [0.9909089275093539, -0.015140797711404683, -0.13367966796384925, 4.219324252334064, -0.016096699600706546, -0.9998519978828005, -0.006072774632478828, 5.722320600088234, -0.13356793643770679, 0.008169368056011879, -0.9910059877626058, 689.110997889397, 0.0, 0.0, 0.0, 1.0]},
{ "rotation": [3.106635349981094,-0.01997771722884867,-0.300639198606355], "transformation": [0.9813644169601297, -0.010777220543976453, -0.19185341446492696, 5.685562526353045, -0.014703072296685894, -0.9997104002682583, -0.019050859836690397, 7.432719024263209, -0.1915925384495518, 0.021516670579466688, -0.9812386723410527, 688.4165153463262, 0.0, 0.0, 0.0, 1.0]},
{ "rotation": [3.090196558835594,-0.03425874950758247,-0.33705167170080486], "transformation": [0.9762530263543073, -0.018338982270736024, -0.21585576263637, 4.935009367473701, -0.025467577552714598, -0.9992166647509038, -0.030289591903432556, 8.746644085614353, -0.2151311949198715, 0.03506762913790508, -0.9759553423999453, 690.1277439002325, 0.0, 0.0, 0.0, 1.0]},
{ "rotation": [3.05779199625518,-0.04149799536935062,-0.4634061471729904], "transformation": [0.9547717206857865, -0.0192329309368694, -0.2967171308608266, 6.191068034513336, -0.033792320492811875, -0.9984590954165058, -0.04401719954477056, 10.164434104764593, -0.2954133383150029, 0.05205313773088684, -0.9539504339314255, 698.4749756184679, 0.0, 0.0, 0.0, 1.0]},
{ "rotation": [3.0365591839051906,-0.038747666894862955,-0.5347182472210271], "transformation": [0.9395920849535889, -0.01466422345131292, -0.3419819797052722, 7.236701021503105, -0.03479264701234779, -0.9979989112262844, -0.05279815247738482, 11.076842010235163, -0.34052339949912613, 0.061507184472392944, -0.9382220849307682, 696.8638145617932, 0.0, 0.0, 0.0, 1.0]},
{ "rotation": [3.023902638015529,-0.027318113256457388,-0.6206568055799443], "transformation": [0.919060570041466, -0.006365353498429215, -0.3940649069251105, 8.067399343203265, -0.028281599813373515, -0.998357040295734, -0.04983343459905653, 11.113938162400524, -0.39310026673490334, 0.05694473080788325, -0.9177306129394212, 692.8271544569004, 0.0, 0.0, 0.0, 1.0]},
{ "rotation": [3.026614876602468,-0.008578127139868882,-0.6612753303596625], "transformation": [0.9089055563021652, 0.003889102134999666, -0.41698389010564263, 8.729939124242113, -0.014704283524502922, -0.99903573495415, -0.041368881186858136, 10.167712248161846, -0.4167426949198776, 0.04373185531400302, -0.9079719439837957, 687.9549248158235, 0.0, 0.0, 0.0, 1.0]}]