[{ "rotation": [-2.9270223575530223,0.027907957223718464,-0.761568381202102], "transformation": [0.8734660881055849, 0.011592179891000993, 0.4867469715313092, -5.904617257148597, -0.04718729435286219, -0.992994854871894, 0.10832625466433562, 12.632466960980752, 0.48459297578605365, -0.11758758252179874, -0.8668003277892184, 761.3636541308581, 0.0, 0.0, 0.0, 1.0]},
{ "rotation": [-2.914973408637874,0.033246680403125554,-0.8044322615008571], "transformation": [0.8587288094544238, 0.010056138959501939, 0.5123316366204752, -6.435115324117325, -0.05229832012030787, -0.9928668282577512, 0.1071463814507378, 12.672043070636724, 0.5097545659683503, -0.11880376852028052, -0.8520774302020905, 762.8232264685156, 0.0, 0.0, 0.0, 1.0]},
{ "rotation": [-2.9275581621697655,0.03171675561247981,-0.836490072028717], "transformation": [0.8491941590755037, 0.0065431138080347465, 0.5280402142391646, -6.67184647014289, -0.046509690018749106, -0.9951108625073153, 0.08712760787664771, 14.229515909254253, 0.5260286388842413, -0.09854724238476752, -0.8447380138788299, 762.8216346770267, 0.0, 0.0, 0.0, 1.0]},
{ "rotation": [-2.9091538827360828,0.03858947974501419,-0.8684137307686893], "transformation": [0.836521784847827, 0.005786563212054362, 0.5479031111074277, -6.281361222215066, -0.05436185464692535, -0.9941343126808379, 0.09349736418715061, 14.048479758611805, 0.5452303111845047, -0.10799761125502273, -0.8313004413140036, 762.8144686401973, 0.0, 0.0, 0.0, 1.0]},
{ "rotation": [-2.9165587438775744,0.04107581840898139,-0.9154307268415587], "transformation": [0.8206286374747264, -0.00032794312584055393, 0.5714617500845358, -6.472062150719971, -0.05085385891975917, -0.9960743462236893, 0.07245537818560678, 16.33884776701751, 0.5691946278640931, -0.08851999349500815, -0.8174238107385301, 765.1520729376053, 0.0, 0.0, 0.0, 1.0]},
{ "rotation": [-2.9105623695067355,0.024695425652443672,-0.9484455900632466], "transformation": [0.8082045284558473, 0.009535856783751281, 0.588824683262227, -5.441216264214873, -0.040165546002414114, -0.9966479996781973, 0.0712705665178563, 16.8506770042518, 0.5875305686496577, -0.08125165950827103, -0.8051124137220603, 771.431676491553, 0.0, 0.0, 0.0, 1.0]},
{ "rotation": [-2.8693445529235806,0.048085857864648876,-1.0523457617519714], "transformation": [0.7628694160031578, -0.0002604689227470522, 0.6465525394605922, -7.497443831750538, -0.05870461065279277, -0.9958973049473142, 0.06886455319524155, 16.560897808728377, 0.6438819944796597, -0.09049027657498084, -0.7597548861509736, 773.8273022834725, 0.0, 0.0, 0.0, 1.0]},
{ "rotation": [-2.8841359644226174,0.028414979118811672,-1.0632964736316213], "transformation": [0.7608130619720069, 0.00602734406238099, 0.6489431067946809, -6.400336911440271, -0.04067802239084352, -0.9975476730028218, 0.05695558428306585, 18.376433799589204, 0.6476949769970035, -0.06973027470338164, -0.7587021191236004, 780.1046353942484, 0.0, 0.0, 0.0, 1.0]},
{ "rotation": [-2.8384977386481047,0.0511010242770719,-1.144909788356477], "transformation": [0.7201205940942599, -0.0008458902184652062, 0.693848408826502, -8.632563280072828, -0.06097172567525685, -0.996207947713147, 0.06206588097611199, 16.847844252374756, 0.691164798459464, -0.08700005392468432, -0.7174414345349664, 777.473948765995, 0.0, 0.0, 0.0, 1.0]},
{ "rotation": [-2.844581815843949,0.022200402705798403,-1.19294009302713], "transformation": [0.7010173730939172, 0.008735498593800357, 0.7130906910658851, -8.527776591064184, -0.03526124296453309, -0.998277346591358, 0.04689332604021519, 18.9455959951777, 0.7122719195399324, -0.05801750034976921, -0.6995017385883073, 778.1605209664684, 0.0, 0.0, 0.0, 1.0]},
{ "rotation": [-2.796830565909114,0.05284334294742405,-1.2917784552866305], "transformation": [0.6481978527394192, -0.005799327269962937, 0.7614498745861222, -10.38614680495958, -0.056413895599106464, -0.9975887168969254, 0.04042554023484496, 18.04169621761444, 0.7593793624318075, -0.06916010210491173, -0.6469620268528127, 771.700996216027, 0.0, 0.0, 0.0, 1.0]},
{ "rotation": [-2.824144465028894,0.019795610546204243,-1.329145986610763], "transformation": [0.6373039500866569, -0.0028550032377694743, 0.7706072437762678, -11.062177644411385, -0.02009522135326959, -0.9997146486499454, 0.012915237259893752, 21.37418355262311, 0.7703504769147008, -0.02371645486215374, -0.6371794664661319, 772.4545138667387, 0.0, 0.0, 0.0, 1.0]},
{ "rotation": [-2.7790747177963775,0.050558356473734266,-1.3715558952125337], "transformation": [0.608016600176418, -0.010622513349170682, 0.7938532459592622, -10.81506730596, -0.04785300717551598, -0.9985828544407976, 0.023288892655700447, 18.952659927246, 0.79248085378397, -0.05214829840958776, -0.6076632713590764, 771.6315229137039, 0.0, 0.0, 0.0, 1.0]},
{ "rotation": [-2.7685776381084524,0.05999865892351996,-1.3901534298851992], "transformation": [0.5968751665731155, -0.015291333440212915, 0.8021883885035584, -11.711066355067755, -0.053881265290331215, -0.9983252252198627, 0.021060720320622228, 19.099100768421025, 0.80052285712466, -0.0557935463233047, -0.5966994514909835, 768.0105922929541, 0.0, 0.0, 0.0, 1.0]},
{ "rotation": [-2.7574567004945623,0.054664382429364625,-1.4473667102845997], "transformation": [0.5675935438383118, -0.018579179443345556, 0.8230992546979243, -11.353707567029836, -0.04355908267863173, -0.9990227955059354, 0.00748734770811434, 20.382035324014964, 0.8221558096305486, -0.04010321870770532, -0.5678481808899447, 771.5747506380794, 0.0, 0.0, 0.0, 1.0]},
{ "rotation": [-2.7622286036472548,0.0574805214880686,-1.4463203411844132], "transformation": [0.5691813320818263, -0.021939999049430156, 0.8219192464295195, -10.883058367075812, -0.0433565791369023, -0.9990540241065305, 0.003356182666861364, 21.168884489989413, 0.821068095991498, -0.037545883372998655, -0.5695941435677139, 773.6811937773846, 0.0, 0.0, 0.0, 1.0]},
{ "rotation": [-2.7499910266502487,0.06792072110844463,-1.4687077405147433], "transformation": [0.5554531078178077, -0.027469220182466357, 0.8310940301542941, -11.43262268166086, -0.04935224251540315, -0.9987814352500219, -2.7542823378915587e-05, 21.167292162586918, 0.8300820448451106, -0.04100105538243459, -0.5561319198565089, 774.3509270458161, 0.0, 0.0, 0.0, 1.0]},
{ "rotation": [-2.7444310979691116,0.07035895830901977,-1.4643999688079792], "transformation": [0.5560666193408635, -0.025711952208898242, 0.8307399174040153, -11.764962074100103, -0.05405054077511705, -0.998524270740204, 0.0052744463843270376, 20.48105803559682, 0.8293783538872594, -0.047834885348990476, -0.5566357604815816, 772.975047313939, 0.0, 0.0, 0.0, 1.0]},
{ "rotation": [-2.7770319885743815,0.043700570036539384,-1.4214159408708402], "transformation": [0.5845393567062961, -0.015083072091227185, 0.8112251484006648, -11.142772568963583, -0.034779559684409544, -0.9993740027546864, 0.006479571454569394, 21.499342784520554, 0.8106195918490674, -0.03200161799608138, -0.5846980192852413, 772.7835922303163, 0.0, 0.0, 0.0, 1.0]},
{ "rotation": [-2.766786273949033,0.04476339922713696,-1.4055863412230825], "transformation": [0.5895338110259546, -0.008536083712090484, 0.8076985953510596, -12.34816381109275, -0.04287428911124851, -0.9988652371037696, 0.02073724761956286, 20.450409952046282, 0.806605034072079, -0.046854811711180444, -0.5892308084520786, 769.7290804101768, 0.0, 0.0, 0.0, 1.0]},
{ "rotation": [-2.788370763039014,0.04530147563218388,-1.322409065546388], "transformation": [0.6326861239615162, -0.0028622893364651236, 0.7744030448327975, -11.914148229341109, -0.05013933831692595, -0.9980464074750242, 0.03727486122494568, 19.437679566968544, 0.7727834853952912, -0.062411343728143484, -0.6315936263724907, 765.7152805285713, 0.0, 0.0, 0.0, 1.0]},
{ "rotation": [-2.8077534141036495,0.03630823657201602,-1.2741973734453564], "transformation": [0.6585053594995534, 0.002539565410925926, 0.7525717521392143, -11.30740282725566, -0.045389691950950245, -0.998039843195561, 0.0430841880366537, 19.498031686282893, 0.7512060086121259, -0.06253016873240884, -0.6570993156466798, 767.3028267933034, 0.0, 0.0, 0.0, 1.0]},
{ "rotation": [-2.8252846545584425,0.0668208405425428,-1.1667363173941312], "transformation": [0.7083169569803871, -0.00824659131822053, 0.7058463587677373, -10.47971126129268, -0.07239288893272221, -0.9955081011517333, 0.061015491256278497, 17.36231662850516, 0.7021725985012641, -0.09431656414914985, -0.7057322634264935, 769.5882302018118, 0.0, 0.0, 0.0, 1.0]},
{ "rotation": [-2.8544630031106553,0.052169876345629695,-1.0916295856653253], "transformation": [0.7447710485324396, -0.001476788059079675, 0.6673184429977338, -8.984450315389015, -0.06216799072512326, -0.9958021957819958, 0.0671798169464366, 17.20463073607261, 0.6644179604714883, -0.09151942948240172, -0.7417364544298222, 777.3238041031221, 0.0, 0.0, 0.0, 1.0]},
{ "rotation": [-2.8756177501596434,0.043368165294055065,-1.0041676613911596], "transformation": [0.78275827568696, 0.0045760546198010815, 0.6223090402426212, -9.323587185020246, -0.058211720979712875, -0.9950503170167236, 0.0805373338613711, 16.91432949986048, 0.6195973510144761, -0.0992669447955083, -0.7786174903550585, 771.5788845579956, 0.0, 0.0, 0.0, 1.0]},
{ "rotation": [-2.8832987443702387,0.04449277265957051,-0.9704226621722125], "transformation": [0.7966131519163852, 0.003889747446646899, 0.6044769276478996, -8.593402007847972, -0.05918631004328029, -0.9946726527497647, 0.0843996124114731, 17.187629879614285, 0.6015849623264393, -0.10301060011740291, -0.7921390972336545, 773.6841323583056, 0.0, 0.0, 0.0, 1.0]},
{ "rotation": [-2.903447440251974,0.03837833769515579,-0.899572015608397], "transformation": [0.8249903577558668, 0.00600060730171011, 0.5651149461143781, -8.275557484667909, -0.05411006677696008, -0.994511082245829, 0.08955338052593491, 17.00361947367508, 0.5625504513225803, -0.10445908290924556, -0.8201373602723635, 771.5003151031578, 0.0, 0.0, 0.0, 1.0]},
{ "rotation": [-2.9055744948689255,0.042862325581672224,-0.8619545625807856], "transformation": [0.8383551171627212, 0.004347415315741145, 0.5451071431444936, -9.253012941997737, -0.05840521615768435, -0.9934958707436697, 0.09774858331889828, 16.308708874164168, 0.5419866495151455, -0.11378512554525698, -0.8326484353867464, 766.973632213894, 0.0, 0.0, 0.0, 1.0]},
{ "rotation": [-2.916018712596904,0.04283453511882108,-0.7387294673842545], "transformation": [0.8795382895303231, 0.005119749845426829, 0.47580057315181334, -9.864687813496491, -0.06007824403023254, -0.9907448407271671, 0.12171797388530678, 14.682590383716661, 0.4720201286431731, -0.1356408814997184, -0.8710904369935775, 762.7991284757435, 0.0, 0.0, 0.0, 1.0]},
{ "rotation": [-2.9209806257292894,0.03256867685849185,-0.6830754112441219], "transformation": [0.8965949206745764, 0.011105279384778614, 0.4427123456493354, -9.177967725879677, -0.05317573154335583, -0.9897527935714432, 0.132520750044486, 15.015226782513446, 0.4396474608085205, -0.14235898421704968, -0.8868167960843493, 766.9961066042908, 0.0, 0.0, 0.0, 1.0]},
{ "rotation": [-2.9383687526670985,0.039907066696594225,-0.5646519300112084], "transformation": [0.9288297824623931, 0.002003104122603426, 0.37050131279759096, -8.30696866151747, -0.05409364242977663, -0.9885371158769208, 0.14095477424485664, 13.990530258301368, 0.366536646270934, -0.15096475783312158, -0.9180743590978038, 764.3200237063667, 0.0, 0.0, 0.0, 1.0]},
{ "rotation": [-2.922850999878204,0.046949584267767124,-0.48795795294665484], "transformation": [0.9457131737117359, -0.0018610141876753, 0.3249971225938288, -6.669627474336675, -0.06013960738685201, -0.9837162761648457, 0.16936798880462736, 11.39871412524718, 0.31938976297218763, -0.17971873757224746, -0.9304253622263353, 761.1570266365359, 0.0, 0.0, 0.0, 1.0]},
{ "rotation": [-2.9342668057047665,0.02912991120067264,-0.41323690637068516], "transformation": [0.9612245294804458, 0.005409358959316105, 0.2757138784333228, -4.7227016933790615, -0.04403492971298624, -0.9839678077263483, 0.17282441472019075, 11.387919105745258, 0.27222844981792077, -0.17826410797985495, -0.9455757922640989, 764.5833602254453, 0.0, 0.0, 0.0, 1.0]},
{ "rotation": [-2.9177526873081767,0.04258371042277934,-0.3793942036903459], "transformation": [0.9666670575477867, -0.002930705290148914, 0.256019942227957, -4.81399906065505, -0.05389922555154254, -0.9798561810016903, 0.19229336451819334, 8.948396599860128, 0.25029916767110527, -0.19968293747660348, -0.9473526540543742, 760.6805698682382, 0.0, 0.0, 0.0, 1.0]},
{ "rotation": [-2.926485994470688,0.022568664574464294,-0.2971699173492868], "transformation": [0.979675740690047, 0.0049538553217876174, 0.20052656288098036, -2.9788743723229927, -0.03518048096153393, -0.9799558419592819, 0.1960838636124608, 7.7226120198527175, 0.19747854785450525, -0.19915322524961973, -0.9598646863021632, 757.122567043387, 0.0, 0.0, 0.0, 1.0]},
{ "rotation": [-2.927426241485998,0.012966831619359347,-0.246053436169779], "transformation": [0.9860768483519667, 0.008247108648787995, 0.16608562352951517, -1.989102804175516, -0.025658122359401462, -0.9792628703262718, 0.20096241329497758, 7.320093159503384, 0.1642988432742079, -0.2024258283897746, -0.9654168395566087, 756.4122519640888, 0.0, 0.0, 0.0, 1.0]},
{ "rotation": [-2.9519394806245414,-0.0019965471141566,-0.17061615888493173], "transformation": [0.9933967751681536, 0.011935209518832642, 0.11410695797914566, -1.2928794540179827, -0.009261751889043459, -0.9829857156444001, 0.18344836546290702, 9.586520502951293, 0.11435500442682317, -0.18329384499433707, -0.9763842990081995, 760.2993092942897, 0.0, 0.0, 0.0, 1.0]},
{ "rotation": [-2.9446597070708282,-0.004767428902593353,-0.15378923193541588], "transformation": [0.9946049229543988, 0.013198548429765714, 0.10289239794183937, -1.1929821642477703, -0.006800051297795298, -0.9814441895161639, 0.1916274045310526, 8.160709845164677, 0.10351234968457655, -0.19129323350371663, -0.9760594716913875, 759.24948995873, 0.0, 0.0, 0.0, 1.0]},
{ "rotation": [-2.9481229105871276,-0.02936303304789577,-0.10799975265365962], "transformation": [0.9971480027010472, 0.026671578898679264, 0.07060090359452895, -0.972836907955099, 0.012747687900604036, -0.9815528197387948, 0.19076571630146158, 8.150108320996875, 0.07438653885281421, -0.1893216547093133, -0.9790934347117369, 757.9524599767624, 0.0, 0.0, 0.0, 1.0]},
{ "rotation": [-2.9439386669351864,-0.04065417721686476,-0.06374213340613713], "transformation": [0.9986945569256129, 0.03156441824644041, 0.04016054616058432, -0.22195408968775965, 0.02310484176134834, -0.9803426229386127, 0.1959451656383079, 7.866266502297373, 0.04555599032329006, -0.19476146731477625, -0.9797921323398446, 757.6932261773705, 0.0, 0.0, 0.0, 1.0]},
{ "rotation": [-2.9550841728917643,-0.033191997225335786,-0.00552886477988792], "transformation": [0.9997429532106541, 0.02261360928659787, 0.001628551710342476, -0.8122394810365379, 0.021920495366484764, -0.9824430508952345, 0.18527046076088785, 9.133308180145836, 0.005789593122844192, -0.18518713892356795, -0.9826862185808729, 762.2111049787462, 0.0, 0.0, 0.0, 1.0]},
{ "rotation": [-2.959597383282026,-0.037339986239117585,0.014468597229248748], "transformation": [0.9996369262515669, 0.024137387011767996, -0.011975066703890098, -0.617997624834679, 0.025904255485612388, -0.9832178408193181, 0.18058695147306256, 9.480610671745042, -0.0074152020912854515, -0.18083159027902804, -0.9834861212722339, 761.6751343102652, 0.0, 0.0, 0.0, 1.0]},
{ "rotation": [-2.9353647484691847,-0.03018560208133323,0.0563396767458464], "transformation": [0.9990621519540984, 0.016424545391903907, -0.04006308577126614, -1.055238567447566, 0.024256984238418166, -0.9787433537943127, 0.20364932143053666, 7.305433941633018, -0.03586663140725196, -0.2044301389524798, -0.9782238511912118, 762.1085489450757, 0.0, 0.0, 0.0, 1.0]},
{ "rotation": [-2.9332690653439326,-0.026093753976976875,0.08078956457272585], "transformation": [0.9983438387114274, 0.011925905771466891, -0.056279236654931945, -1.056856105764128, 0.023247634979587303, -0.9784758716601216, 0.20504759458921007, 6.656952728920322, -0.052622496850563936, -0.20601636185142014, -0.9771326069038516, 757.8327392869577, 0.0, 0.0, 0.0, 1.0]},
{ "rotation": [-2.9297053254368572,-0.04060759695131622,0.15278781801199895], "transformation": [0.9942555224904718, 0.016609322585613855, -0.10573592767099456, 0.3055266225569818, 0.03807863853927995, -0.9781442499212716, 0.2044109674967267, 5.601585502000283, -0.10002986196228424, -0.20726301346164008, -0.9731577826676445, 755.6872132069459, 0.0, 0.0, 0.0, 1.0]},
{ "rotation": [-2.944335852327683,-0.027845517714540923,0.1820477788485424], "transformation": [0.9922769990803566, 0.006923319694048023, -0.12384839417811681, 0.42862948673592544, 0.030414098411259617, -0.9815427608317174, 0.18880887499447735, 7.029355074459336, -0.12025531054350326, -0.19111744112786766, -0.974172871713651, 758.2528413002642, 0.0, 0.0, 0.0, 1.0]},
{ "rotation": [-2.934475810135895,-0.026197965897456883,0.2992961866586758], "transformation": [0.9794430773375115, -0.001831044593514377, -0.20171243276338358, 2.621979359143631, 0.036847245632262396, -0.9815107903554589, 0.18782664588688744, 7.577161713216929, -0.19832684827058011, -0.19139805561054965, -0.9612664799958226, 764.1962804228713, 0.0, 0.0, 0.0, 1.0]},
{ "rotation": [-2.923823921285921,-0.007845819034082073,0.3177090900990647], "transformation": [0.9768806001840262, -0.016268391435540982, -0.21316573933021515, 1.4642753924963101, 0.02677039112551199, -0.9799435807653561, 0.1974687941821672, 6.879836256979719, -0.2121028975358053, -0.1986099643947202, -0.9568523621228323, 763.7153533875107, 0.0, 0.0, 0.0, 1.0]},
{ "rotation": [-2.929941585947255,-0.008635851834020861,0.39885239651740345], "transformation": [0.9639042409127558, -0.019022222048121425, -0.26556876589455336, 1.7398781653774122, 0.030499062889717394, -0.9829900420711196, 0.1811087638737223, 8.057979724653709, -0.26449654348072904, -0.18267110405691042, -0.9469281103808125, 767.8380359233705, 0.0, 0.0, 0.0, 1.0]},
{ "rotation": [-2.9220608893649898,-0.01564684521690116,0.4433848161188206], "transformation": [0.9553221571375005, -0.01737117697366343, -0.2950556189817486, 2.4510978502340737, 0.03812681529011767, -0.9826883208311951, 0.18130088267242275, 7.977592832924225, -0.29309712048736747, -0.1844502814107802, -0.9381216187944384, 768.9194624693791, 0.0, 0.0, 0.0, 1.0]}]