[{ "rotation": [-3.0854069018935877,-0.01160761581810968,-0.4204482707948865], "transformation": [0.9635177658608512, 0.01111819358090467, 0.2674133516524771, -2.8216712687891685, 0.0036528393335529498, -0.9995900152600882, 0.028398206935293806, 10.736096293835459, 0.26761945302110807, -0.026385358891515023, -0.9631633512550448, 367.0096192941831, 0.0, 0.0, 0.0, 1.0]},
{ "rotation": [-3.0813246322166696,-0.005582963077095384,-0.44666232082443597], "transformation": [0.958841123502802, 0.007573035811291539, 0.2838421198632885, -3.1918019163779294, -0.0004761268098142533, -0.999599979125714, 0.028278172415014943, 10.571724319843545, 0.28394272870271836, -0.02724941945204029, -0.9584539613128954, 368.0918249196874, 0.0, 0.0, 0.0, 1.0]},
{ "rotation": [-3.0834630633806177,-0.0002941824021877503,-0.4510699294725891], "transformation": [0.9581037563907289, 0.003850128674830435, 0.2863954756960437, -3.1095175560022756, -0.0034765581644900893, -0.9996796649013006, 0.02506952584617723, 10.31914311151186, 0.28640025407339426, -0.02501487741346096, -0.9577834569330819, 367.415297620003, 0.0, 0.0, 0.0, 1.0]},
{ "rotation": [-3.0807773342413554,0.00123794576203397,-0.46967103561400697], "transformation": [0.9545794264796998, 0.003015174435782823, 0.2979413151357307, -3.274397462187512, -0.004585732378592519, -0.9996816887659388, 0.024809115353693522, 9.962969879716836, 0.2979212808784208, -0.02504855024153584, -0.9542617463414105, 366.8330972811682, 0.0, 0.0, 0.0, 1.0]},
{ "rotation": [-3.0766182395136044,-0.0006613941525600864,-0.48698298952033026], "transformation": [0.9511249657320369, 0.004588689645275549, 0.3087721546522159, -3.043256396112895, -0.003749958736241615, -0.9996442416306092, 0.026406968478805956, 9.929696210318685, 0.3087834797567854, -0.026274209828337503, -0.9507693876683174, 367.55954217091676, 0.0, 0.0, 0.0, 1.0]},
{ "rotation": [-3.083083766676908,0.0012538898027419354,-0.5066533960283349], "transformation": [0.9474129084484556, 0.0019898898796044586, 0.3200075331043097, -3.081751183002031, -0.003573795378428608, -0.9998525183042977, 0.016797905439292476, 10.79623319949739, 0.3199937638327221, -0.01705819389095273, -0.9472660709269317, 367.8041057546969, 0.0, 0.0, 0.0, 1.0]},
{ "rotation": [-3.071216485162427,0.011544393565058538,-0.5433596581268042], "transformation": [0.9392798398203357, -0.003341334899227111, 0.34313585937377017, -1.878060438887866, -0.011235850508257966, -0.999715886241504, 0.02102147615465069, 10.247760559059431, 0.3429681299631799, -0.023600471975273613, -0.9390505202341904, 365.460262362202, 0.0, 0.0, 0.0, 1.0]},
{ "rotation": [-3.0765214872812274,0.017984060434710566,-0.5737317257289752], "transformation": [0.9327213220356357, -0.0091013171692641, 0.36048315001658543, -1.9278907653465347, -0.013493608105682179, -0.9998622015934958, 0.009669558671303207, 11.137749495669116, 0.3603454702925872, -0.013883221902424718, -0.9327156041308745, 365.83023932981996, 0.0, 0.0, 0.0, 1.0]},
{ "rotation": [3.0747999779048105,-0.03597175819399625,0.6298478438017836], "transformation": [0.9192071696585781, -0.023002331192171644, 0.39310185958348237, -1.1274581845100924, -0.021902782451206113, -0.9997335766484295, -0.007283120391275431, 12.503995515546293, 0.39316465681589613, -0.0019153280304746207, -0.9194660864596227, 365.8002159247006, 0.0, 0.0, 0.0, 1.0]},
{ "rotation": [-3.062648958079929,0.04242727592408697,-0.6983443709398971], "transformation": [0.9008065908226621, -0.02632147884244789, 0.4334220410662094, -1.9959960779078438, -0.026342764932682797, -0.9996352165309638, -0.005957567187586472, 11.889613521239486, 0.43342074784919304, -0.006050919156604021, -0.9011713719993586, 366.111628040546, 0.0, 0.0, 0.0, 1.0]},
{ "rotation": [3.030376147623861,-0.07272796974226081,0.7956207630642999], "transformation": [0.8700211608269186, -0.046825929941111455, 0.4907856069594249, -2.671503231757055, -0.04293236898785599, -0.9988935141964221, -0.01919789023337674, 12.54471566298622, 0.4911415187158092, -0.004368018025640696, -0.8710688428660827, 366.0105373102628, 0.0, 0.0, 0.0, 1.0]},
{ "rotation": [3.0010737286234184,-0.05699984465192651,0.8326955795552473], "transformation": [0.8564357020041546, -0.04236720561524735, 0.5145123013310814, -3.4746833189983497, -0.02813846432935186, -0.9989762309254696, -0.03542198287968492, 14.763478188650497, 0.5154862899804765, 0.015859064735924737, -0.8567510577220584, 363.0027198298156, 0.0, 0.0, 0.0, 1.0]},
{ "rotation": [2.9772240173946813,-0.07396467119318643,0.8784005444630154], "transformation": [0.8388539965098303, -0.05602141583825779, 0.5414661332964082, -3.3212579651975958, -0.035312437789249404, -0.998195425152135, -0.04856876509371918, 16.127916659475925, 0.5432099081173568, 0.021621613557398604, -0.8393184744483511, 362.90047857693577, 0.0, 0.0, 0.0, 1.0]},
{ "rotation": [2.9627969065224034,-0.08034678126130203,0.9520924650851132], "transformation": [0.8116313577410497, -0.05784502818574016, 0.5812989694172965, -6.434462993288647, -0.04039054741778846, -0.9982607781901986, -0.04294208199878549, 15.007585801142735, 0.5827719475152451, 0.01137415672874087, -0.8125561431359672, 359.2909387658592, 0.0, 0.0, 0.0, 1.0]},
{ "rotation": [2.928901157692603,-0.09643349815982884,1.0173124220648402], "transformation": [0.7830510622789357, -0.07164694600475398, 0.6178169219048815, -5.971071624093696, -0.0457147823799032, -0.9972860552811692, -0.05771206644786582, 15.394913449835634, 0.6202750942410864, 0.01694812880281055, -0.7842012295286809, 357.72432845228263, 0.0, 0.0, 0.0, 1.0]},
{ "rotation": [2.9114715168539504,-0.1025278128563569,1.0756234757392047], "transformation": [0.7579675987666291, -0.07438168431653111, 0.6480374096132002, -8.043299594922601, -0.049386525021222864, -0.9971695559254621, -0.05669080949982022, 15.605953830577285, 0.6504199338629459, 0.010965481004164362, -0.759495666781627, 354.7854925002193, 0.0, 0.0, 0.0, 1.0]},
{ "rotation": [2.8628762337170164,-0.11012420344616351,1.1623886046260035], "transformation": [0.7149528941046682, -0.08462581281597024, 0.6940322982517427, -9.152460006550704, -0.04721462576723416, -0.9962257629188507, -0.07283548867423043, 17.02175053906392, 0.697576618247071, 0.019305468188839332, -0.716250068462817, 355.53419605424415, 0.0, 0.0, 0.0, 1.0]},
{ "rotation": [2.8563920596094543,-0.08664749507741354,1.1950558949410255], "transformation": [0.7008810964092366, -0.06856352906665251, 0.7099751623670452, -11.025091931265996, -0.03456864065569612, -0.9974648056383552, -0.06220104979866385, 16.150959547079367, 0.7124399608243512, 0.019052663718357173, -0.7014743746038283, 353.6513721232531, 0.0, 0.0, 0.0, 1.0]},
{ "rotation": [2.90413149316084,-0.0940453490929429,1.077347518112763], "transformation": [0.756549085685192, -0.07167298973924074, 0.6499972796025684, -7.919082286468365, -0.04203383550147698, -0.9972499134212496, -0.06103906007095082, 15.504391344343642, 0.6525845827338672, 0.01885716636053943, -0.757481200859081, 360.39501940095494, 0.0, 0.0, 0.0, 1.0]},
{ "rotation": [2.951584354551874,-0.08555118788131226,0.9870456564301379], "transformation": [0.7975157103385624, -0.06101730767871459, 0.600204615049583, -5.6415891555334685, -0.04316109566683489, -0.9980935801884208, -0.04411717361185685, 14.206162120657629, 0.6017522842366412, 0.00927865024135886, -0.7986288844423817, 361.85384520052844, 0.0, 0.0, 0.0, 1.0]},
{ "rotation": [3.0018565054756983,-0.07550569597150893,0.8453871230508321], "transformation": [0.8519670742824107, -0.0525524363522004, 0.5209513852290979, -3.3273506599893037, -0.04060038529526003, -0.9985852894839159, -0.03433698210676462, 13.195055666805109, 0.522018881892738, 0.008103151224786954, -0.8528954366671706, 363.180867126518, 0.0, 0.0, 0.0, 1.0]},
{ "rotation": [3.0159259548048967,-0.06933787548092121,0.7979090653027623], "transformation": [0.8682598687480326, -0.04835028406197432, 0.49374796237835217, -2.7884038153248487, -0.03754419156866107, -0.9987893502268095, -0.031784706274612454, 13.419943335395825, 0.4946870060968894, 0.009060016812020882, -0.8690239824620848, 361.77539942296073, 0.0, 0.0, 0.0, 1.0]},
{ "rotation": [3.044090981338401,-0.0736094359668781,0.7124717636132334], "transformation": [0.8950853096444452, -0.04909641935373995, 0.4431837430066114, -1.523176435034127, -0.04254904206070776, -0.9987887160781216, -0.024711933447902838, 12.391747647890316, 0.4438601891118696, 0.0032622448803188205, -0.8960901128122754, 363.37427202223216, 0.0, 0.0, 0.0, 1.0]},
{ "rotation": [3.0484215249517783,-0.060382547095623136,0.6653572860089193], "transformation": [0.9083503620953143, -0.04223456579526169, 0.4160719422568628, -0.5558192071929097, -0.03335732180900758, -0.9990346108697666, -0.028585579686693504, 13.055256980381813, 0.41687757047248625, 0.012086675985551503, -0.9088822825319997, 362.94365651933066, 0.0, 0.0, 0.0, 1.0]},
{ "rotation": [3.0670360291763266,-0.04321259739589137,0.6074300467012064], "transformation": [0.9241489637268431, -0.029961203583366156, 0.38085564079114825, 0.4174187311543157, -0.02425584122356025, -0.9995102286321377, -0.019772633265940788, 13.026278225801136, 0.38126152049365997, 0.009034884590742712, -0.9244230762217559, 362.38674497823337, 0.0, 0.0, 0.0, 1.0]},
{ "rotation": [-3.0735100106582984,0.03870002294846202,-0.5926116608380881], "transformation": [0.9280192375095309, -0.022149278791576094, 0.3718732368176572, 0.6927666796329979, -0.026402342520393907, -0.999631239571439, 0.006348321219368639, 9.783730501742077, 0.37159549394693164, -0.01570968879009141, -0.9282618135830292, 365.70387930162826, 0.0, 0.0, 0.0, 1.0]},
{ "rotation": [-3.086826074315235,0.026025221369563988,-0.5716302905931611], "transformation": [0.9335551307515293, -0.015905600201601335, 0.35808075867005473, -1.0768140203540701, -0.01669820542481999, -0.9998601890502481, -0.0008787991765204276, 11.7287810925008, 0.35804467288745645, -0.0051588985868071, -0.9336902045016245, 365.09070791687986, 0.0, 0.0, 0.0, 1.0]},
{ "rotation": [-3.0897145084331186,0.013453163516884227,-0.5109425249873994], "transformation": [0.9467275528343161, -0.0068630964287744005, 0.3219624801304607, 1.8011888645550231, -0.010089270176780966, -0.9999142151511684, 0.00835278192717871, 11.083175534420876, 0.3218775346799585, -0.011156175242099291, -0.9467155815884303, 365.5759951686071, 0.0, 0.0, 0.0, 1.0]},
{ "rotation": [-3.0905090886073343,-0.01321247916735652,-0.4999575721982165], "transformation": [0.9489613133025655, 0.010068915894555795, 0.3152317287136222, 1.9491937016876633, 0.006594894757088445, -0.9999052222747375, 0.012085273304748935, 10.912727293810407, 0.31532353736791247, -0.009389536751933589, -0.9489377763485711, 366.1814658709452, 0.0, 0.0, 0.0, 1.0]},
{ "rotation": [-3.084658383001055,-0.009052529327771633,-0.47781088904859353], "transformation": [0.9531252652106974, 0.008813032596357738, 0.3024476140978692, 1.2360150035129258, 0.0026494288607326736, -0.9997804933240678, 0.0207833032840222, 10.288793308743902, 0.302564388756757, -0.01900777801688738, -0.9529393973548952, 366.2415567370261, 0.0, 0.0, 0.0, 1.0]},
{ "rotation": [-3.1087456087070913,-0.02698632861274131,-0.451753442583298], "transformation": [0.9584948467304267, 0.01701260298639583, 0.28460182734979567, 1.746445757169372, 0.016989912552897574, -0.999852412753619, 0.0025486432099498567, 12.506336816944376, 0.28460318280486696, 0.002392498776176451, -0.9586424277523635, 367.5034993069052, 0.0, 0.0, 0.0, 1.0]},
{ "rotation": [-3.103274462582266,-0.02403059917632176,-0.42941883753259047], "transformation": [0.9623089006838701, 0.016381562164973423, 0.2714649592224304, 1.9187997090055666, 0.014008633035962207, -0.99984486958401, 0.010676842557513316, 12.457705430262733, 0.27159775011046106, -0.00647156762842593, -0.9623891005967213, 368.2503447200379, 0.0, 0.0, 0.0, 1.0]},
{ "rotation": [-3.1053039092850767,-0.028861433655083604,-0.3439683569140085], "transformation": [0.9755915362544576, 0.020249649515025725, 0.2186575086366464, 3.7944447076189647, 0.0164708486403638, -0.9996820718443803, 0.01909100254029272, 11.332082180431222, 0.21897457736854453, -0.015023545768088693, -0.9756148971488808, 366.3396183466988, 0.0, 0.0, 0.0, 1.0]},
{ "rotation": [-3.1124475680966035,-0.029003365555692363,-0.28381879934019844], "transformation": [0.9833368140417832, 0.0199421825777569, 0.180695931067055, 5.292344734285352, 0.017018880355053924, -0.9996982379303118, 0.017714140975223648, 11.798914738123003, 0.180994662522448, -0.014343724518588154, -0.9833794739088874, 366.01427180246327, 0.0, 0.0, 0.0, 1.0]},
{ "rotation": [-3.1302260285250627,-0.04962922473832069,-0.21989138014694734], "transformation": [0.9896812931511485, 0.03177442250539587, 0.13971873196218076, 7.100174170708869, 0.031317555770580076, -0.999494528857452, 0.005467859231603662, 13.89745027573713, 0.13982184624452548, -0.001035788814681631, -0.9901761350660314, 367.63537317110723, 0.0, 0.0, 0.0, 1.0]},
{ "rotation": [-3.1087629160831813,-0.05016364571229929,-0.18883954827513302], "transformation": [0.9921319997916712, 0.033757926728059814, 0.12055910323323912, 8.19941702259169, 0.03052148789188718, -0.9991250805377435, 0.028592170559662303, 10.293552327428976, 0.12141883612621746, -0.024687564146152217, -0.9922943063478115, 367.65891908194465, 0.0, 0.0, 0.0, 1.0]},
{ "rotation": [-3.1289414137606553,-0.058851914044207976,-0.13787872104033655], "transformation": [0.995419503881695, 0.03792971156852762, 0.08775732603178332, 9.281030994501576, 0.03713199472209189, -0.9992530269184838, 0.01070528664756247, 12.853272403174614, 0.08809782210633219, -0.007397646556590892, -0.996084358157252, 366.356334244623, 0.0, 0.0, 0.0, 1.0]},
{ "rotation": [-3.1131653774202817,-0.06263033597260353,-0.12509144977560827], "transformation": [0.9959702279678391, 0.041163172451293216, 0.07967997386694121, 8.700170421527398, 0.039133406770775696, -0.9988726348980741, 0.02687072247431735, 10.546067334370102, 0.08069622962818242, -0.023644290759586586, -0.9964582610617826, 367.8457060552641, 0.0, 0.0, 0.0, 1.0]},
{ "rotation": [-3.126560544438583,-0.06539887622880304,-0.10817147566934768], "transformation": [0.9967364163936624, 0.042195839365422275, 0.06881880102825881, 7.655933279373266, 0.04133315340583643, -0.9990485554631943, 0.013912377813819364, 12.830377546885316, 0.06934036821541394, -0.011022475545554253, -0.9975321640772284, 367.7404444638884, 0.0, 0.0, 0.0, 1.0]},
{ "rotation": [-3.129648665537904,-0.06932459416231064,-0.098606576679936], "transformation": [0.9970377246674216, 0.04453818003973299, 0.06270666717948853, 7.116410404091474, 0.043932210334549956, -0.9989738429441635, 0.011010086670443637, 13.797886867598475, 0.06313268951289558, -0.00822262927038232, -0.9979712680647426, 366.8847708888221, 0.0, 0.0, 0.0, 1.0]},
{ "rotation": [-3.113855066270678,-0.062058792284004696,-0.06953964725758666], "transformation": [0.9982100472468886, 0.040405162947671394, 0.04409222587413918, 5.143267594689108, 0.03922922459605875, -0.9988594910148896, 0.027217368481684406, 13.870610131874523, 0.04514166050286548, -0.025438946846281417, -0.9986566429310908, 363.7781654434861, 0.0, 0.0, 0.0, 1.0]},
{ "rotation": [-3.1300463204791007,-0.06736609063257742,-0.047676368321882115], "transformation": [0.9986105591222956, 0.04317295086950377, 0.03021667623474379, 4.404863020680753, 0.042854463466695185, -0.9990195526060519, 0.011109836712823073, 15.111912646519889, 0.030666694807846583, -0.009799480803762872, -0.9994816276478218, 364.58087693952376, 0.0, 0.0, 0.0, 1.0]},
{ "rotation": [-3.1253089692524503,-0.07019675529249117,-0.0172820646335965], "transformation": [0.9989305108384425, 0.044980175616808685, 0.01070599446706727, 2.3577144995848105, 0.04480938561406088, -0.9988723169531463, 0.015691188149523413, 16.915990744435685, 0.011399713897209, -0.015194677559408723, -0.9998195678705871, 363.5202476346918, 0.0, 0.0, 0.0, 1.0]},
{ "rotation": [3.138699470139943,0.05337358738441181,-0.003624295273180381], "transformation": [0.9994191627637735, 0.034002888184179146, -0.0022673102325988727, 2.3404943115381096, 0.033997260211124, -0.9994188584559476, -0.002476219042771861, 18.763884146206546, -0.0023501912036603613, 0.00239769842658976, -0.9999943638058973, 364.29689411970384, 0.0, 0.0, 0.0, 1.0]},
{ "rotation": [3.123578844052129,0.03335166551764338,-0.06198445097329574], "transformation": [0.9989850048959877, 0.021683984416680995, -0.03948119568579003, 2.0531734288695342, 0.021000729090158658, -0.9996238442806308, -0.01763914179587853, 22.659986977706026, -0.039848831484050745, 0.016792104258563926, -0.9990646104551624, 362.7087548462255, 0.0, 0.0, 0.0, 1.0]},
{ "rotation": [3.1071547030165876,0.035359941526886506,-0.11877832585982355], "transformation": [0.9968241862364274, 0.023939231847119265, -0.07595034504631766, 3.340051297292271, 0.021497527685623106, -0.9992305459080183, -0.03280506710509123, 24.74000339614479, -0.07667723284972343, 0.031068139676098106, -0.9965718100867472, 362.9719344190579, 0.0, 0.0, 0.0, 1.0]},
{ "rotation": [3.0973922281017696,0.02858300347991287,-0.16617449608567403], "transformation": [0.9940929115804007, 0.020516025707208056, -0.10657568125413083, 2.561549763804336, 0.016272818450787055, -0.9990457100105689, -0.04053226725888886, 25.972624198046084, -0.107305538185448, 0.03855855286002637, -0.9934781122279805, 365.6199720658921, 0.0, 0.0, 0.0, 1.0]},
{ "rotation": [3.1003251809256676,0.020651212479814694,-0.18094875920351897], "transformation": [0.9931243981408473, 0.015364426660859536, -0.11605112757212906, 2.0737618993287183, 0.011179312987517608, -0.9992664414099012, -0.03662788600396837, 25.638655547326138, -0.11652876373885816, 0.035078675365179494, -0.99256764694207, 365.3317933278465, 0.0, 0.0, 0.0, 1.0]},
{ "rotation": [3.0767446705759274,0.019287769952410685,-0.2207583990951276], "transformation": [0.9896869804495343, 0.01653128820485462, -0.14228983533257444, 1.982988186397572, 0.008394689213183322, -0.9983047494719619, -0.05759475995902285, 28.02385888800736, -0.14300073399006447, 0.05580630512774907, -0.9881479881001081, 365.0776982133637, 0.0, 0.0, 0.0, 1.0]},
{ "rotation": [3.065450520256058,0.008660806022212131,-0.23811096815001398], "transformation": [0.9880030042680996, 0.010787091873339854, -0.15405746397408085, 1.3875907384968285, 0.00043366445794606155, -0.9977474374722973, -0.06708101782622332, 28.307512147408772, -0.15443404900586857, 0.06620943789506374, -0.9857821437017779, 365.32881915915533, 0.0, 0.0, 0.0, 1.0]}]