[{ "rotation": [3.0041248475674065,-0.019691947055664866,0.6423850641582491], "transformation": [0.912575524151529, -0.027039990434639734, 0.4080131758128129, 0.7846014793108019, 0.0019978822232421534, -0.9975044405793911, -0.07057548789075489, 25.21811891008978, 0.40890331520566675, 0.0652206251249605, -0.9102441149890093, 364.29767854047304, 0.0, 0.0, 0.0, 1.0]},
{ "rotation": [2.9925016379648377,-0.00847183937356196,0.6941126059130801], "transformation": [0.8980006878609038, -0.021087585981743644, 0.4394884279691634, -0.8572890702051065, 0.010354742568448608, -0.9975613419358771, -0.06902281058775511, 25.821243271012722, 0.43987219042317854, 0.06653332091932981, -0.8955924147176327, 363.70148834541965, 0.0, 0.0, 0.0, 1.0]},
{ "rotation": [2.9794284900020105,-0.011933961007618232,0.7118480097277957], "transformation": [0.8921352999846196, -0.025739395590045625, 0.4510344665721369, 0.6548543808476234, 0.010606211269271758, -0.9969071185735553, -0.07786979658303339, 26.627217566211826, 0.4516437919465566, 0.07425416117653316, -0.88910303381785, 364.26013717594105, 0.0, 0.0, 0.0, 1.0]},
{ "rotation": [2.9517790818229366,-0.00013042343932185568,0.764052362600691], "transformation": [0.8746818554639533, -0.023236598977742575, 0.4841401782439503, -1.4212677408075745, 0.023071312550440978, -0.9957220389534267, -0.08947254148413726, 27.677966469827414, 0.48414808298632794, 0.08942975796891307, -0.870403901720509, 362.8908936083669, 0.0, 0.0, 0.0, 1.0]},
{ "rotation": [2.95468069952347,-0.004439183314681404,0.7807541642763406], "transformation": [0.8697000451005593, -0.024618681560037988, 0.492966278836931, -0.32375446693629567, 0.019011492009657422, -0.9963433429849283, -0.08329769541340355, 26.714784043723483, 0.4932143496732958, 0.08181603392894858, -0.866051812461867, 362.3147640161053, 0.0, 0.0, 0.0, 1.0]},
{ "rotation": [2.9369282809464377,-0.004300661766142614,0.8282767368759955], "transformation": [0.8529428232941754, -0.02713041078541188, 0.5212988403992249, -1.6448090191480615, 0.02171561337366287, -0.9959397927426347, -0.087363386882397, 26.315110469322303, 0.5215524636379041, 0.08583629793026135, -0.8488905451416338, 361.3732549242098, 0.0, 0.0, 0.0, 1.0]},
{ "rotation": [2.9300274624045226,-0.0013621659512575897,0.921851410941537], "transformation": [0.8200776571002941, -0.021826836311165606, 0.5718358379303792, -3.492126987967929, 0.020136807894525387, -0.9975527858594057, -0.06695482351524637, 24.535577672152712, 0.5718978451548076, 0.06642310321555589, -0.8176312286517091, 357.572826083747, 0.0, 0.0, 0.0, 1.0]},
{ "rotation": [2.9019445093909746,0.0058065427929965665,0.9733110788678491], "transformation": [0.7980874544311238, -0.02206405490406417, 0.6021375196421825, -4.765824791439054, 0.029246647680215412, -0.9967328855558869, -0.07528737245318574, 25.311352725551973, 0.6018314121738069, 0.0776964113239846, -0.7948347117409101, 355.07996037620927, 0.0, 0.0, 0.0, 1.0]},
{ "rotation": [2.8623489192490412,0.01040242020402995,1.016511828406048], "transformation": [0.7765969486396092, -0.02833303112248155, 0.6293603250214148, -4.0209802435316675, 0.0412068000825706, -0.9945645338516422, -0.09562106269761117, 27.05777859893878, 0.6286486928250177, 0.10019295060970068, -0.7712082686651632, 353.77619396155666, 0.0, 0.0, 0.0, 1.0]},
{ "rotation": [2.8483221420442506,0.0018413676280933705,1.0682099265526557], "transformation": [0.7539984460873864, -0.03376896138196858, 0.6560076223223246, -4.742744971202875, 0.03603039032673973, -0.9950481173948339, -0.09263398427089042, 26.863523288064794, 0.655887303025992, 0.09348209088472459, -0.7490480254383631, 351.36131086100494, 0.0, 0.0, 0.0, 1.0]},
{ "rotation": [2.8137747453276143,-0.013955691772354742,1.1355092185231854], "transformation": [0.7206732383270101, -0.04858475422016641, 0.691570390644818, -5.745858911173725, 0.03157350079751327, -0.9942062021956813, -0.10274795162449456, 28.73940598322844, 0.6925555556102697, 0.09588299730925222, -0.7149638125250426, 350.2417422913656, 0.0, 0.0, 0.0, 1.0]},
{ "rotation": [2.790802516911222,0.012934994538210395,1.1543005080371087], "transformation": [0.7088816955788706, -0.03842488063437875, 0.7042799657958897, -6.235219179579981, 0.05419745409347283, -0.9925953317624028, -0.10870668486009308, 29.20091272989335, 0.7032420476926929, 0.11523036019955604, -0.7015501310991745, 347.6755908471663, 0.0, 0.0, 0.0, 1.0]},
{ "rotation": [2.779821736189847,0.0019601494830271938,1.1754054968822683], "transformation": [0.6978101958198468, -0.046776298310416325, 0.7147537397777243, -6.2438281458239535, 0.049159930815490624, -0.9923849172291096, -0.1129401490099487, 29.97511498080754, 0.7145937529898257, 0.11394803189414104, -0.6901967938315623, 346.0373981768464, 0.0, 0.0, 0.0, 1.0]},
{ "rotation": [2.7898522208009666,-0.0035000679548386703,1.1901992187672326], "transformation": [0.6929466756166563, -0.04459490909369773, 0.7196083649004845, -7.036769508709409, 0.04036181036649575, -0.9941207541358466, -0.10047313302726556, 28.780671382414436, 0.719858200631043, 0.0986672198822912, -0.6870727404758076, 344.6022713247474, 0.0, 0.0, 0.0, 1.0]},
{ "rotation": [2.821742932392722,-0.014612061638810767,1.1519331084331814], "transformation": [0.7148899996207676, -0.044235288715427555, 0.6978363186840317, -5.549763972672703, 0.026520050693006635, -0.9955636127816619, -0.09027613093373775, 28.197019422356448, 0.6987338372752954, 0.0830441577559058, -0.7105453486647795, 347.61601936129057, 0.0, 0.0, 0.0, 1.0]},
{ "rotation": [2.8058691591193243,-0.0021910808330573165,1.149062534258625], "transformation": [0.713617823739912, -0.04276899974962879, 0.6992284421425713, -6.552574522871463, 0.04010206194364828, -0.9940037900050172, -0.10172654561877906, 29.17321558976794, 0.6993864641731199, 0.10063437840061412, -0.7076236963353779, 347.1462406383031, 0.0, 0.0, 0.0, 1.0]},
{ "rotation": [2.8186086871516967,-0.0013261485776484023,1.096966756204225], "transformation": [0.7378147479435108, -0.04316809841403517, 0.67362149089557, -6.304545574865144, 0.04153926129770273, -0.9931577490739751, -0.10914291193273253, 29.545916561641757, 0.6737238955892062, 0.10850898918352896, -0.7309732633814137, 348.5620485817165, 0.0, 0.0, 0.0, 1.0]},
{ "rotation": [2.8434406872768867,0.00019460287076240483,1.039295765079987], "transformation": [0.7650658820195012, -0.038988259493543516, 0.6427706525592052, -4.576274657617802, 0.03922896785275667, -0.9934897252670336, -0.10695444764029896, 29.78370185776871, 0.6427560067793452, 0.10704242808577438, -0.7585556237604282, 352.95431773003946, 0.0, 0.0, 0.0, 1.0]},
{ "rotation": [2.91259529046752,-0.032280962573992183,0.901955293414203], "transformation": [0.825156213536854, -0.047464550765757535, 0.5629070435534858, -1.9723007005357638, 0.007101791011443131, -0.9955135205385249, -0.09435250388527922, 27.103027328465878, 0.5648599718744025, 0.0818532030258845, -0.8211170838123223, 357.35339155366404, 0.0, 0.0, 0.0, 1.0]},
{ "rotation": [2.9428909384795805,-0.03732648166119617,0.8519924570074662], "transformation": [0.8452923435825141, -0.04493045114544341, 0.5324115968314821, -1.6239644483952078, -0.0018030960792882675, -0.9966922375402927, -0.0812485844273836, 26.416397026743876, 0.534301041291621, 0.06771881708057036, -0.8425773312212343, 357.231859532052, 0.0, 0.0, 0.0, 1.0]},
{ "rotation": [2.9549432778515685,-0.015634978247132645,0.7723464418223409], "transformation": [0.8722990637181293, -0.031944756633224373, 0.48792814630857356, 0.30408484052809326, 0.012171952230340103, -0.9961358900525504, -0.08697776801065604, 26.98620187149016, 0.4888212219363834, 0.08180966368869419, -0.8685395741771147, 358.48988351491465, 0.0, 0.0, 0.0, 1.0]},
{ "rotation": [2.9711907970970217,-0.01613344576895715,0.7164073919244048], "transformation": [0.8902596588698949, -0.03019316602903346, 0.4544514413157936, 1.5918663270507367, 0.009704500898470077, -0.9963161930692825, -0.08520484780952166, 26.391903374574785, 0.4553499340629914, 0.08026466316552618, -0.886687104561555, 360.0575719030135, 0.0, 0.0, 0.0, 1.0]},
{ "rotation": [3.006297465069606,-0.02436772747264661,0.6690768472829238], "transformation": [0.9055812717791382, -0.028813307508584896, 0.4231930452090347, 0.6903324233000463, -0.0020475114441876677, -0.9979755216246314, -0.06356623266271678, 24.54650059043746, 0.4241678534492758, 0.05669789721374547, -0.9038069376541504, 360.3634663328733, 0.0, 0.0, 0.0, 1.0]},
{ "rotation": [3.007892522380749,-0.014467321503426127,0.6378107838723756], "transformation": [0.913996247992424, -0.023038621406641577, 0.40506799500756874, 1.5836086057219985, 0.004648240089390904, -0.9977263450621464, -0.06723491825682598, 25.22348745584394, 0.4056960099875788, 0.06333531631413969, -0.9118110468663703, 360.9471196595081, 0.0, 0.0, 0.0, 1.0]},
{ "rotation": [3.032355806563879,-0.006287662453749594,0.5846301641610299], "transformation": [0.928365741841834, -0.014097498998761223, 0.3714004710503776, 1.688494350643285, 0.006106382329651775, -0.9985669637211742, -0.05316701100794753, 24.05105509731658, 0.37161776258584106, 0.051626344889552506, -0.9269492753349766, 359.8300876183927, 0.0, 0.0, 0.0, 1.0]},
{ "rotation": [3.0412820551798547,0.0059068072554980455,0.544536114848576], "transformation": [0.9379099046688114, -0.005388919350524377, 0.34683709471793056, 2.5865399694881583, 0.012911335331386647, -0.9986440952776725, -0.050430827744540004, 24.31616805896553, 0.3466385843268197, 0.05177770287751788, -0.9365686100551448, 361.6249036987751, 0.0, 0.0, 0.0, 1.0]},
{ "rotation": [3.0517002835203115,0.028676583169288446,0.44287696836828533], "transformation": [0.9586117086774956, 0.010094357599583291, 0.28453768806796625, 2.354875596512691, 0.02668410280996758, -0.9981578033630519, -0.05448814772658323, 24.57270419559964, 0.28346349084783146, 0.059825609316567864, -0.9571151162876191, 365.28035026990807, 0.0, 0.0, 0.0, 1.0]},
{ "rotation": [3.052048984787949,0.043423796677174616,0.3927913164911192], "transformation": [0.9670557295275977, 0.019786375799200544, 0.2537946321744786, 2.4300062567400547, 0.03612881102305811, -0.9975507367611804, -0.05989354390321358, 25.11847914813713, 0.25198794614406905, 0.06708969309781368, -0.9654020137114564, 363.82963984600735, 0.0, 0.0, 0.0, 1.0]},
{ "rotation": [3.0688198730819987,0.049408663562058024,0.2974397333642889], "transformation": [0.9808940326052273, 0.02627464879791923, 0.19276031653325743, 4.172776538335759, 0.03745685688134155, -0.9978056456227051, -0.05459741235651357, 24.708907805606756, 0.1909028042539614, 0.060774471564979365, -0.9797257692507486, 362.0317100441559, 0.0, 0.0, 0.0, 1.0]},
{ "rotation": [3.0757200530743414,0.04842540624952933,0.2832419726244463], "transformation": [0.9827061843849223, 0.026385284770006324, 0.183282219321005, 2.7200971396119322, 0.036004454165737394, -0.9981321629412763, -0.04935447884839635, 24.87441781943028, 0.18163764602046192, 0.055099927856351684, -0.9818206371320427, 364.1320660053998, 0.0, 0.0, 0.0, 1.0]},
{ "rotation": [3.068687124713474,0.07049392553959999,0.22757637264029162], "transformation": [0.9880292845039371, 0.04091793446088579, 0.14874090090520672, 2.416993987913424, 0.05032704387053759, -0.996925639497461, -0.06005379228517945, 25.04251485334146, 0.14582634061749908, 0.06682059526847355, -0.9870510049790112, 362.0620379015041, 0.0, 0.0, 0.0, 1.0]},
{ "rotation": [3.0773038404745794,0.06690649890197384,0.19743999556930564], "transformation": [0.9908709615054602, 0.039587910848385505, 0.1288702252652021, 3.047155473538433, 0.046911604541019, -0.9974221528921446, -0.05429871342293645, 25.202295917513787, 0.12638844490154427, 0.05984852742264771, -0.9901737800814107, 363.58566540643824, 0.0, 0.0, 0.0, 1.0]},
{ "rotation": [3.1032860501194484,0.07147003279529578,0.16027234242008095], "transformation": [0.9936267351324819, 0.04418201930478321, 0.10370082159808372, 1.8104938561212753, 0.047620558323467004, -0.9983868516738476, -0.030918874975393838, 22.7296022408621, 0.10216747846025712, 0.03566011181887295, -0.994127840255034, 364.156442130767, 0.0, 0.0, 0.0, 1.0]},
{ "rotation": [3.110516579060587,0.05712873531691583,0.1359384695529812], "transformation": [0.9955164075024141, 0.035439352273748725, 0.08769911461300493, 1.4273019927471189, 0.03784725128970555, -0.9989466116562641, -0.02594711217617375, 22.55312840786324, 0.08668718453901773, 0.029149946327329722, -0.9958090241938019, 362.6618604140697, 0.0, 0.0, 0.0, 1.0]},
{ "rotation": [3.1105073536696795,0.06255643341876051,0.09134366590738087], "transformation": [0.9974700678578957, 0.039308898019903595, 0.05923068684411526, 1.8475393585734377, 0.04101760549449857, -0.9987684324793185, -0.027913694171548497, 22.9310761149327, 0.058060483696422215, 0.030272575365599134, -0.9978539729908739, 362.20317171714987, 0.0, 0.0, 0.0, 1.0]},
{ "rotation": [3.109127085109398,0.07170333971773576,0.0758394601970086], "transformation": [0.997749346100684, 0.045312976949482955, 0.04942647545226958, 1.0788468083025342, 0.04681029590469499, -0.9984660703254117, -0.029568608459732373, 22.94351820846623, 0.04801081704129889, 0.031815727697252, -0.9983399826302267, 361.93241784410293, 0.0, 0.0, 0.0, 1.0]},
{ "rotation": [3.1088898925434556,0.07137748562758268,0.05329699504677677], "transformation": [0.9983597130185536, 0.045330861117803364, 0.03497136617047313, 1.4816115781872445, 0.046407766994327984, -0.998453098274765, -0.030622372672976714, 23.47016133153334, 0.03352913038107388, 0.03219508620645288, -0.9989190526964876, 361.62590985222266, 0.0, 0.0, 0.0, 1.0]},
{ "rotation": [3.108858933264644,0.07012554200243355,0.02176050745275953], "transformation": [0.9988853107249311, 0.044853815850312596, 0.014706162708989551, 2.6493681247989977, 0.04529972014069903, -0.9984755146592355, -0.031536993850860055, 23.89241313517417, 0.01326918886486188, 0.03216802495710742, -0.9993943900168879, 360.25539460013164, 0.0, 0.0, 0.0, 1.0]},
{ "rotation": [3.1053021932517324,0.08338940115345432,0.012535587149412194], "transformation": [0.9985266884583448, 0.05350980919630179, 0.009008482457502576, 2.483353359684061, 0.0537934009394521, -0.9979416997132488, -0.03490893852295415, 24.144191352900958, 0.0071219696558683975, 0.03534210368961381, -0.9993498953094524, 358.70057060964064, 0.0, 0.0, 0.0, 1.0]},
{ "rotation": [3.1212479972950042,0.07898865264005017,0.011958099003499654], "transformation": [0.9986907604173818, 0.05050165051129687, 0.00814544980876434, 2.421781901538007, 0.05064964879505133, -0.9985334219121027, -0.019121150630771612, 22.985161187615326, 0.007167854204029647, 0.019508680635592225, -0.9997839932935355, 358.6962083643725, 0.0, 0.0, 0.0, 1.0]},
{ "rotation": [3.111060528226127,0.07814938454930855,0.0012455198169404444], "transformation": [0.998738736986731, 0.050185232098200534, 0.0015419861859882998, 2.4813366117254363, 0.05020888238983336, -0.998302473604572, -0.029516763443111493, 23.932854725078805, 5.806299955596762e-05, 0.029556956444168343, -0.9995630960346854, 359.2398347209269, 0.0, 0.0, 0.0, 1.0]},
{ "rotation": [3.1023743074306824,0.0708875963196428,-0.017759790747654505], "transformation": [0.998891285502077, 0.045876258509355144, -0.010562606363576968, 2.5221365245460103, 0.045437323799872226, -0.998221198020954, -0.03859908583783911, 24.874416829242946, -0.012314599218595049, 0.038076353906251664, -0.9991989501191898, 358.0059186409511, 0.0, 0.0, 0.0, 1.0]},
{ "rotation": [3.104271545647871,0.06638380127176624,-0.0630136022312469], "transformation": [0.9982633658711829, 0.04344807659003183, -0.03978086223504972, 1.5874423821035297, 0.04198863274630951, -0.9984395580581438, -0.036815806724206285, 24.31654637185853, -0.04131836249941207, 0.035081527123050044, -0.9985299591775311, 356.9521905295548, 0.0, 0.0, 0.0, 1.0]},
{ "rotation": [3.1185121089669634,0.056219754592687174,-0.10629461158652957], "transformation": [0.9970311550534006, 0.036705226712409916, -0.06768753345242184, 2.2875488274429023, 0.03529095582265755, -0.9991354896062156, -0.021973207468898005, 23.06072236366532, -0.06843554843796731, 0.019519214670129313, -0.9974645737912982, 355.4681727744131, 0.0, 0.0, 0.0, 1.0]},
{ "rotation": [3.1013822437693577,0.04771429785804656,-0.1760862584414819], "transformation": [0.9931053831831987, 0.03262909314935424, -0.11259236285292167, 2.112091814681603, 0.02867947551502761, -0.9989212163202003, -0.03652247622429845, 24.440368931642006, -0.11366259532817356, 0.03304157783191168, -0.9929698225815533, 356.9503013771363, 0.0, 0.0, 0.0, 1.0]},
{ "rotation": [3.0919400500020817,0.054956398749313295,-0.23134824723935626], "transformation": [0.9882455753315543, 0.03834691897672149, -0.14798715026175976, 2.659998420419796, 0.032302381869797, -0.9985512086085482, -0.04303533329655486, 24.350846585181266, -0.14942302019147422, 0.03774914027366069, -0.9880525104696906, 358.46429332604333, 0.0, 0.0, 0.0, 1.0]},
{ "rotation": [3.0956042625149878,0.06715913658565234,-0.3291140915787322], "transformation": [0.9767307439048519, 0.045816665268303566, -0.2095182261636617, 3.0281286172816464, 0.03993689692471959, -0.9986828907697227, -0.03221068064872672, 22.662143550799684, -0.21071805374741717, 0.023093654269564216, -0.9772740582648136, 356.372683188733, 0.0, 0.0, 0.0, 1.0]},
{ "rotation": [3.0719767062515286,0.06640013807611098,-0.35564852661736696], "transformation": [0.9726548625088477, 0.048174192492560095, -0.2272042376708322, 2.383126158598613, 0.037052265314635596, -0.9979086149450915, -0.05296721489207316, 24.70578269063186, -0.22928071892976104, 0.043100387423536814, -0.9724056296273654, 355.78295504595945, 0.0, 0.0, 0.0, 1.0]},
{ "rotation": [3.05224942061807,0.05927405068785625,-0.4386491691675758], "transformation": [0.9588389538217016, 0.04616961773771497, -0.28017178129151094, 3.265747402627339, 0.029846875700049128, -0.9976141108274871, -0.06225150511295434, 26.052487635462622, -0.2823774506667464, 0.051326915705462356, -0.957929289185331, 356.3253893147311, 0.0, 0.0, 0.0, 1.0]},
{ "rotation": [3.0703682466156272,0.07325216580233546,-0.4867553042790446], "transformation": [0.9498969805231069, 0.05151896146842952, -0.3082880519940715, 3.6167315484182962, 0.041497004411869126, -0.9983779071931113, -0.038981444990465554, 23.04372588380071, -0.30979626372492963, 0.024235326239146295, -0.950494042035065, 355.1289144069215, 0.0, 0.0, 0.0, 1.0]}]