[{ "rotation": [2.9550237842365763,-0.04174988258188193,0.9569035071325392], "transformation": [0.8099142899879082, -0.03640852556645836, 0.5854171693241145, -12.584570957842681, -0.014716492823450972, -0.999018805467177, -0.041771415608188714, 16.258958919420927, 0.5863635968512709, 0.025215978843012677, -0.8096554123197282, 712.4078289124624, 0.0, 0.0, 0.0, 1.0]},
{ "rotation": [2.9569624562532577,-0.05407638698262064,0.9399271268648425], "transformation": [0.8159792716400289, -0.044814622293336666, 0.5763414594513505, -10.14249801782798, -0.02157905353561714, -0.9986570087346334, -0.04710120331479186, 16.08182839427059, 0.5776782605415527, 0.025996702365876388, -0.8158504757391429, 713.5729583204336, 0.0, 0.0, 0.0, 1.0]},
{ "rotation": [2.9335479533389743,-0.06821398438285643,0.9766580813756787], "transformation": [0.7996826749129258, -0.057283948420895174, 0.5976840040501498, -10.987008925621671, -0.026356544994211063, -0.9978279913859562, -0.06037078881906527, 16.498590238637295, 0.5998441063977168, 0.032524588544365476, -0.7994555642185152, 710.6905336476106, 0.0, 0.0, 0.0, 1.0]},
{ "rotation": [2.9112040639471193,-0.0645314034260127,1.0371038540666626], "transformation": [0.7741336429021269, -0.056234214605084834, 0.6305194810906561, -13.763869742014522, -0.02236217735123996, -0.9978540726093441, -0.06154009100625065, 16.450310024699863, 0.6326270907503034, 0.03354046637563623, -0.7737299277940024, 702.1529211710538, 0.0, 0.0, 0.0, 1.0]},
{ "rotation": [2.8818083893718933,-0.07516349730882625,1.0960351639996744], "transformation": [0.7464305725499425, -0.06592282315940545, 0.6621899891643334, -14.282469676015797, -0.025092043775790232, -0.9971616578564969, -0.0709860369371074, 17.515677652021733, 0.6649900673708743, 0.03637044799801491, -0.7459660855632138, 705.3690106259407, 0.0, 0.0, 0.0, 1.0]},
{ "rotation": [2.8908969407956215,-0.06786473199214343,1.090198847468706], "transformation": [0.7503028464845443, -0.059118026608744975, 0.6584456678322653, -14.190944447885483, -0.022998248155846335, -0.9977248646709449, -0.06337329878668725, 16.953073749733015, 0.6606941191950723, 0.03240606960481856, -0.7499554170174486, 703.6403552383065, 0.0, 0.0, 0.0, 1.0]},
{ "rotation": [2.9411217677493537,-0.07298390517369174,0.969984491590431], "transformation": [0.8028961506557565, -0.058421571092773524, 0.5932492657334021, -11.7340970034153, -0.03100855392087045, -0.997931855929777, -0.05630702002670135, 15.710521544933053, 0.5953118853558235, 0.026812887789324103, -0.8030472141801452, 705.068397089588, 0.0, 0.0, 0.0, 1.0]},
{ "rotation": [3.000643559257058,-0.06907316849735382,0.8267116032831668], "transformation": [0.8580110265139409, -0.05029675060515776, 0.5111627091827563, -10.495526705903519, -0.03522549746358253, -0.9986129403928496, -0.0391325901058209, 14.064126397320056, 0.5124219381612537, 0.015570233091049537, -0.8585926421374426, 704.1689384458559, 0.0, 0.0, 0.0, 1.0]},
{ "rotation": [3.026525533691071,-0.04613814192869029,0.7361167002948454], "transformation": [0.8878999784208578, -0.03503434888082976, 0.4587005806827987, -9.678358329506992, -0.02251547642125576, -0.9992104510442703, -0.03273419993569017, 13.685339026722424, 0.4594852354992098, 0.018736833307743467, -0.8879877529762635, 706.2840598229448, 0.0, 0.0, 0.0, 1.0]},
{ "rotation": [3.04771721600495,-0.03251753328699908,0.6716878133664517], "transformation": [0.9071587571491786, -0.024772075724175245, 0.4200587263608176, -8.92354366470279, -0.01592016495441071, -0.9995714276685835, -0.02456642701766173, 13.535774808326092, 0.42048726220348326, 0.015598245186734142, -0.9071643495374548, 701.1470800362298, 0.0, 0.0, 0.0, 1.0]},
{ "rotation": [3.064659371761367,-0.039515551487786564,0.6492069240649695], "transformation": [0.9138021598149948, -0.02647375796627895, 0.40529588309850034, -9.807093824390138, -0.02287819373225564, -0.9996441950158458, -0.01371392076216413, 12.10142750665961, 0.405514735822263, 0.003259372679584158, -0.9140826962155753, 704.3760799265771, 0.0, 0.0, 0.0, 1.0]},
{ "rotation": [3.082910680576453,-0.0343315165653031,0.5834462862839346], "transformation": [0.9306135368210945, -0.022200498609863818, 0.3653294170290799, -8.33019860995495, -0.02079824732856146, -0.9997534722693608, -0.007773518728123546, 12.072492660249198, 0.36541192918868143, -0.0003640698146459083, -0.930845846238665, 707.0238344829176, 0.0, 0.0, 0.0, 1.0]},
{ "rotation": [-3.080670455610377,0.03839435196741712,-0.5091481811330422], "transformation": [0.9465334006531121, -0.02117668328974448, 0.3219100332902037, -6.287900372354983, -0.027338103020825955, -0.9995191625983838, 0.014631190035275809, 10.246495469100841, 0.3214454068287131, -0.02264931971321665, -0.946657202341614, 710.3111949643558, 0.0, 0.0, 0.0, 1.0]},
{ "rotation": [-3.0932733979154836,0.016037302255993473,-0.4412063523597343], "transformation": [0.9600735420894897, -0.00776515657129012, 0.2796399401429698, -5.516010741914998, -0.012557639614711064, -0.9998033137319339, 0.015350554972087028, 10.617925676116775, 0.2794657393439264, -0.01824927927528581, -0.9599822208452015, 712.7735869377992, 0.0, 0.0, 0.0, 1.0]},
{ "rotation": [-3.0868704444446475,0.011693008245328151,-0.36110703399483773], "transformation": [0.9729798203521666, -0.0035623993357919307, 0.23086268320895462, -3.7026074131819833, -0.011380533971482473, -0.9994055720946676, 0.03254206374300922, 9.798691507868984, 0.2306095241614919, -0.03429011194356897, -0.9724419960022849, 709.1577314724946, 0.0, 0.0, 0.0, 1.0]},
{ "rotation": [-3.096807380178307,-0.004985223697066573,-0.2664531731921134], "transformation": [0.9853015914750453, 0.006052506763381413, 0.1707165516246778, -1.1162616812184778, 0.0003375595206913961, -0.9994391493001609, 0.033485413238315755, 10.053449429964912, 0.1708234758173245, -0.032935603957571565, -0.9847510274691964, 712.1436199991084, 0.0, 0.0, 0.0, 1.0]},
{ "rotation": [-3.100243826055802,-0.008352554385603296,-0.23666026614558117], "transformation": [0.9884018234927804, 0.007815091221000358, 0.1516600134028581, -2.6146995503152026, 0.0028962423317473256, -0.9994633937938001, 0.03262723167133694, 10.004070227809951, 0.15183361649023394, -0.03180957112862008, -0.987894075338095, 706.7609386441943, 0.0, 0.0, 0.0, 1.0]},
{ "rotation": [-3.088936890994941,-0.0006442191698205317,-0.15287600137442617], "transformation": [0.9951159915952759, 0.0028308216552436886, 0.09867192974755756, -0.19216764528861066, -0.001999129249354441, -0.9988057691356197, 0.048816380689758784, 8.534930412685897, 0.09869228315119224, -0.048775219017030386, -0.9939219341861038, 708.4452593186702, 0.0, 0.0, 0.0, 1.0]},
{ "rotation": [-3.101333521787961,-0.002962491595684047,-0.14219230342632794], "transformation": [0.9958042202083558, 0.003600026933268701, 0.09143847560687243, -2.0536319310710938, 0.00021157579808253483, -0.9993137665182831, 0.03703986072765322, 10.049327209438012, 0.09150907195961791, -0.036865103460074836, -0.9951216276897852, 695.2247682253188, 0.0, 0.0, 0.0, 1.0]},
{ "rotation": [-3.0968583537903482,-0.009318796577095171,-0.09639978566852286], "transformation": [0.9980467780194833, 0.007353833800536935, 0.06203668280431116, -0.9506680228263146, 0.004665242945442423, -0.9990480660961653, 0.04337276954233146, 9.508919172944688, 0.06229658412135159, -0.042998636698694026, -0.9971310108751332, 700.858795259865, 0.0, 0.0, 0.0, 1.0]},
{ "rotation": [-3.1045790005424774,-0.015830957401779075,-0.08124788914330096], "transformation": [0.9985796903069647, 0.011127176959911157, 0.05210362789046905, -1.4883183946373248, 0.00924867664535545, -0.9993033423247044, 0.03615649317874005, 10.287533698995647, 0.052469649196038075, -0.035623250154603256, -0.9979869337629964, 695.7956078550593, 0.0, 0.0, 0.0, 1.0]},
{ "rotation": [-3.0927397445275635,-0.020556737834275765,-0.05380232526625529], "transformation": [0.9993070212118809, 0.014121242119424022, 0.03443933619630904, -1.4520545238925877, 0.01244112232204642, -0.9987447004375333, 0.04852052991579633, 9.096490379692801, 0.03508127466335388, -0.04805844222346801, -0.9982282756459305, 697.1816574947512, 0.0, 0.0, 0.0, 1.0]},
{ "rotation": [-3.089063573839534,-0.024318572377327968,-0.03736578284168608], "transformation": [0.9995837850104243, 0.016362100822245138, 0.023760016854273737, -1.2565077192512786, 0.015099789090331947, -0.9985136627037808, 0.05236851881911016, 9.678314107296192, 0.02458156043989436, -0.051987951013313535, -0.9983451306215587, 694.5557040079956, 0.0, 0.0, 0.0, 1.0]},
{ "rotation": [-3.1052316293723323,-0.032568878811862115,-0.012681027669711017], "transformation": [0.9997467480592721, 0.021114909892845465, 0.007784621065120057, -0.536055614972479, 0.02081961984652691, -0.9991262286920485, 0.03623979261875735, 10.934908584724306, 0.008543019042270547, -0.03606854196972, -0.9993128024326627, 700.1144170875676, 0.0, 0.0, 0.0, 1.0]},
{ "rotation": [-3.095253949713942,-0.03184707386845066,-0.009901574859403371], "transformation": [0.9997679568644892, 0.02071225678141797, 0.005919024077173466, -1.0750341880013419, 0.020417057525493387, -0.9987232711128773, 0.046205751802073196, 9.969933387755326, 0.00686849248425357, -0.04607418101946797, -0.9989144075717293, 697.434796666329, 0.0, 0.0, 0.0, 1.0]},
{ "rotation": [-3.096077900158498,-0.014919662334135513,-0.0025486723004440894], "transformation": [0.9999522271324138, 0.00966999328902079, 0.0014264230490611414, -0.9282750764994482, 0.009595145970796875, -0.9989196467463275, 0.04546946797568084, 10.788551861289326, 0.001864571458459154, -0.04545360903143619, -0.9989647104874594, 696.5240863911562, 0.0, 0.0, 0.0, 1.0]},
{ "rotation": [-3.0982872967659687,-0.025569869413699636,-0.011801425764492607], "transformation": [0.9998348525719792, 0.016661159925963766, 0.007257639581144397, -1.3094046679444844, 0.01633234911297212, -0.9989318559943251, 0.043225009568360916, 10.79969858593457, 0.007970066174150225, -0.04309933676582916, -0.9990390008480777, 699.0790852410096, 0.0, 0.0, 0.0, 1.0]},
{ "rotation": [-3.0968977217692473,-0.023472872849961073,0.002808607447037474], "transformation": [0.9998835227540944, 0.01511009959937503, -0.002150770782691763, -1.1460235215687755, 0.015190975319301234, -0.998890541948965, 0.04457487491571329, 10.636746615582211, -0.0014748537931248635, -0.04460235526292385, -0.9990037310797637, 698.760414872751, 0.0, 0.0, 0.0, 1.0]},
{ "rotation": [-3.0969366794371527,-0.02436317458563288,0.003872184101270818], "transformation": [0.9998731693416509, 0.01566922731521072, -0.0028496571767997587, -1.0458924202181048, 0.015780610382312203, -0.9988837630695273, 0.04452190710225783, 10.253467630594441, -0.0021488524013278556, -0.044561229689099355, -0.9990043439554969, 698.0587655458153, 0.0, 0.0, 0.0, 1.0]},
{ "rotation": [-3.101155044826936,-0.024767687991544562,-0.00020495619091635264], "transformation": [0.9998724797005066, 0.01596835168014145, -0.00018995309501295475, -1.0195355889179418, 0.015963021304661894, -0.9990589934435804, 0.04032752869104212, 10.649439171476383, 0.0004541898126244198, -0.04032541833780821, -0.9991864962795959, 698.3985893522631, 0.0, 0.0, 0.0, 1.0]},
{ "rotation": [-3.110444349140541,-0.028361750947146654,0.0311778664393053], "transformation": [0.9996329252315399, 0.01791949464200105, -0.02032010100392995, 0.224446452848067, 0.018538051803154085, -0.9993575687858359, 0.030672305844307378, 11.37880566866343, -0.019757414516535173, -0.03103774189979762, -0.9993229223576248, 698.1787925827756, 0.0, 0.0, 0.0, 1.0]},
{ "rotation": [-3.1110530100816556,-0.04876277399268152,0.11441254461752837], "transformation": [0.9968094067511344, 0.030261122243212514, -0.0738598070200067, 2.123323940023138, 0.032322689120610044, -0.99911602335481, 0.026877790900355795, 10.880308156670441, -0.0729811645595196, -0.02917938238298063, -0.9969063713625689, 701.9301568112062, 0.0, 0.0, 0.0, 1.0]},
{ "rotation": [-3.108338625194212,-0.05795995552171396,0.14974938539472304], "transformation": [0.9946779599413951, 0.035785749128153986, -0.09661850840372557, 2.142228134408712, 0.038586386893019735, -0.9988829632916919, 0.027274830744676595, 10.732227794023146, -0.09553453173259477, -0.030857832149154395, -0.9949477109083112, 708.620938746203, 0.0, 0.0, 0.0, 1.0]},
{ "rotation": [-3.107811226494884,-0.08337637060585829,0.22426371807548182], "transformation": [0.9882176333344174, 0.051563126104279385, -0.1441081302122728, 3.8946980202573753, 0.05510047865225438, -0.9982670173060879, 0.020661544257370188, 11.348275615748166, -0.142793019504511, -0.02835852931943032, -0.9893462222071823, 709.3276270120542, 0.0, 0.0, 0.0, 1.0]},
{ "rotation": [-3.107674925522796,-0.07661849594023679,0.2675435334927978], "transformation": [0.9840903423069354, 0.04706941534627371, -0.17132036749078863, 4.923087184596738, 0.05075313309303185, -0.9985633925360387, 0.017183438775698917, 11.264844051836132, -0.17026543295531213, -0.02560510155959493, -0.9850655110776455, 708.6477115252287, 0.0, 0.0, 0.0, 1.0]},
{ "rotation": [-3.084158882460542,-0.08611412566920215,0.33199025381972913], "transformation": [0.9755776110750533, 0.05103082762380047, -0.2136449844979323, 6.082115491658202, 0.05924986189433476, -0.9977223751674332, 0.032241525332370014, 9.607439472746286, -0.21151306965432187, -0.04411254608708913, -0.9763791807710365, 709.2310778461875, 0.0, 0.0, 0.0, 1.0]},
{ "rotation": [-3.0754872169652727,-0.09681674671071441,0.3925153911203522], "transformation": [0.9660410483659637, 0.05685086885942256, -0.2520568816396798, 7.083645880266676, 0.06688212059262798, -0.9972665734254882, 0.03140323985225765, 9.532532786825332, -0.24958260119051565, -0.0471949175029896, -0.967202752759142, 703.242371418472, 0.0, 0.0, 0.0, 1.0]},
{ "rotation": [-3.0472017159070224,-0.10627946205393174,0.4614140570483731], "transformation": [0.9528875984468508, 0.059406976947561106, -0.2974492155245065, 8.2372736409215, 0.07670099414441271, -0.9959551598800807, 0.04680039535625544, 8.519319549180318, -0.2934658109958486, -0.06741016687559075, -0.953589894649872, 701.9609857646326, 0.0, 0.0, 0.0, 1.0]},
{ "rotation": [-3.03811443268232,-0.1023967347405083,0.5299757339074486], "transformation": [0.9388474802772934, 0.05569836566278723, -0.33979861806586614, 8.347184177490716, 0.07489033438755706, -0.9962373140159761, 0.043619399096655506, 9.467960145499072, -0.3360905333274024, -0.06639959506448714, -0.939486161251444, 698.2288186141177, 0.0, 0.0, 0.0, 1.0]},
{ "rotation": [-3.030189398285442,-0.09993192512932464,0.5971101264914097], "transformation": [0.9232799074262604, 0.05343341084402003, -0.38039332689800165, 9.370033179464585, 0.07333390565470763, -0.9965830370767196, 0.038005111397917436, 9.819202337025619, -0.3770627942722302, -0.06298508407961234, -0.9240435749244198, 702.8250116371413, 0.0, 0.0, 0.0, 1.0]},
{ "rotation": [-3.028496098627028,-0.11682437295946818,0.6352707143514377], "transformation": [0.9130241779577009, 0.06453128064520511, -0.40276862375680855, 9.932128916020467, 0.08298067203771911, -0.9961433976297646, 0.02850507721086485, 10.767510025469686, -0.399375836190464, -0.0594478357631179, -0.9148578557843011, 703.7222182688323, 0.0, 0.0, 0.0, 1.0]},
{ "rotation": [-3.0348900952290254,-0.12169775961229314,0.6714990163748622], "transformation": [0.9037626021581218, 0.06964707596180086, -0.4223297807997336, 10.063629729864838, 0.08299467605521452, -0.9964615554721727, 0.01327600137345068, 11.868612623619347, -0.4199107556217986, -0.04704947689346824, -0.9063450248317034, 700.7843100193982, 0.0, 0.0, 0.0, 1.0]},
{ "rotation": [-3.02684932427592,-0.12983935902262508,0.7119274376680991], "transformation": [0.8918827847782727, 0.07440255127188779, -0.44610464980807735, 10.459004089129579, 0.08786822760451847, -0.9960864030179701, 0.009542132904253698, 11.973719967809393, -0.4436488169642671, -0.04770888897214032, -0.8949299353129553, 706.7765927690215, 0.0, 0.0, 0.0, 1.0]},
{ "rotation": [-3.0260388496773696,-0.13998169678928837,0.7337855340736227], "transformation": [0.8851355782690218, 0.08137336763558191, -0.45816305298660864, 10.037239022318028, 0.09300756480258536, -0.995661334223452, 0.0028461240078846324, 12.1489319704201, -0.45594363793330683, -0.045131835460346645, -0.8888636095915514, 703.8585044022603, 0.0, 0.0, 0.0, 1.0]},
{ "rotation": [-3.033350453092539,-0.1440862278574521,0.7884964447240064], "transformation": [0.8694627851578591, 0.08776365154534733, -0.4861399044441481, 11.09894737865142, 0.08983707020703603, -0.9957734135873766, -0.019094753445894834, 15.11959702519734, -0.48576101741716027, -0.027071207213020365, -0.8736723548893344, 703.8169298849639, 0.0, 0.0, 0.0, 1.0]},
{ "rotation": [-3.016236364051286,-0.1475043021397999,0.8224206446298877], "transformation": [0.8574678939438733, 0.08774150589804963, -0.5070012218902444, 11.144818051962654, 0.09392482417755568, -0.9954887284425306, -0.013428289060373858, 13.470800650038754, -0.5058922200021203, -0.03610567388397877, -0.8618407289370295, 702.1207773008764, 0.0, 0.0, 0.0, 1.0]},
{ "rotation": [-3.0229269190298527,-0.1444079029563176,0.8388980246659654], "transformation": [0.853061737177249, 0.08822839513539048, -0.5142970181285982, 10.095913898270473, 0.08881635601389258, -0.9957706019229449, -0.023506663957900024, 14.158204943741348, -0.5141958065450822, -0.02562535146782492, -0.8572899240593014, 701.7944578630929, 0.0, 0.0, 0.0, 1.0]},
{ "rotation": [-2.993799369212075,-0.14593145147622888,0.9164006537460189], "transformation": [0.8246983547833368, 0.08681458690273523, -0.5588701558667852, 11.695449272973217, 0.09107108970991477, -0.9956380266547317, -0.020272555293314384, 13.889552903016526, -0.5581923326566802, -0.034178171103487455, -0.8290073415738336, 696.430436724774, 0.0, 0.0, 0.0, 1.0]},
{ "rotation": [2.9775821846815322,0.15403271016691097,-0.9690363577023575], "transformation": [0.8040957336388862, 0.09533791901396108, -0.5868055319625306, 12.58122076331181, 0.09131452290749997, -0.9951509802403459, -0.0365538566071266, 15.181873935319947, -0.5874450689638281, -0.024191067044802096, -0.8089023941275715, 688.9631821967578, 0.0, 0.0, 0.0, 1.0]},
{ "rotation": [2.9511762296042785,0.16042912093962475,-1.007734458583821], "transformation": [0.7864416552048799, 0.10322811498954984, -0.6089774045351053, 12.43192735730802, 0.09097808974314073, -0.9945412485875998, -0.05109493169098993, 16.279748963123808, -0.6109275817519602, -0.015220418309697337, -0.7915401624182943, 689.8647437028469, 0.0, 0.0, 0.0, 1.0]}]