[{ "rotation": [-3.0729223438391298,0.02185673641234474,-0.527193598026338], "transformation": [0.942729307736182, -0.00980927085829421, 0.33341450259472594, -5.399292459897918, -0.017822787645483673, -0.9996209292150048, 0.020984425555029055, 10.431375864208231, 0.3330822729834235, -0.025725008854404343, -0.9425467751489244, 739.1187716285866, 0.0, 0.0, 0.0, 1.0]},
{ "rotation": [-3.053720273080427,0.0281947173371055,-0.51183629378845], "transformation": [0.9452152606200932, -0.010490496342497173, 0.32627911452831, -4.677922503976167, -0.0254106740958137, -0.9988153341780673, 0.04149970906828248, 8.439126804342507, 0.3254572302667223, -0.04751713056618421, -0.9443620669901296, 727.9760040230962, 0.0, 0.0, 0.0, 1.0]},
{ "rotation": [-3.068939538914261,0.019170137791796885,-0.5763454022028276], "transformation": [0.931798990909314, -0.008569496997649539, 0.3628735375603889, -5.184403668322887, -0.015562234791768347, -0.9997451886229679, 0.01635159544241227, 10.779425074726698, 0.3626409483065441, -0.02088352332423144, -0.9316949184496482, 737.8897569406959, 0.0, 0.0, 0.0, 1.0]},
{ "rotation": [-3.059592102831454,0.008254130041702626,-0.5918936190435083], "transformation": [0.9278484438049902, -0.00040228485842429013, 0.3729572408407586, -5.6806563798168686, -0.00999784520655532, -0.9996668767407036, 0.023794508583126067, 10.305263592927592, 0.37282342793859496, -0.025806466522547866, -0.9275433778889998, 733.4681894804272, 0.0, 0.0, 0.0, 1.0]},
{ "rotation": [-3.056620476022578,0.020670649850068334,-0.6423260417170765], "transformation": [0.9153385349953818, -0.009220719423019604, 0.40257961285418997, -7.194462348854136, -0.016682326508407303, -0.9997478374896576, 0.015032013072776377, 10.745730697179305, 0.4023394913934928, -0.020475345371328366, -0.9152615439846418, 738.9515624735466, 0.0, 0.0, 0.0, 1.0]},
{ "rotation": [-3.0426205271424314,0.01946151831010875,-0.7024676874773118], "transformation": [0.8987229158542674, -0.007898408861428754, 0.43844581838108626, -7.7358490156879816, -0.01638892150958693, -0.9997442394242763, 0.01558393370519687, 10.5681323940288, 0.4382105929460804, -0.021191292443668363, -0.8986225043667733, 739.9437083778996, 0.0, 0.0, 0.0, 1.0]},
{ "rotation": [-3.0383895641228977,0.03528111312318543,-0.749220304396824], "transformation": [0.8851269424354374, -0.019017542599999382, 0.4649608895900279, -7.899234472883073, -0.024760148036495663, -0.9996739029028433, 0.00624683313426808, 11.265893152531387, 0.4646904677783952, -0.0170417407694689, -0.8853091822789609, 739.6158578342948, 0.0, 0.0, 0.0, 1.0]},
{ "rotation": [3.0269106232708487,-0.04690084535126971,0.7855215733910573], "transformation": [0.8733900671982765, -0.03255834396560875, 0.485931831389556, -6.582591845533949, -0.025493544603749918, -0.9994513490789881, -0.021144266545027247, 12.972806404165718, 0.4863536467457886, 0.006079067560708081, -0.8737409085276167, 743.8137819539944, 0.0, 0.0, 0.0, 1.0]},
{ "rotation": [2.9891913966100656,-0.05134167484856993,0.8817411456641017], "transformation": [0.8394327570907978, -0.03855921547317321, 0.5420939339496754, -9.793238707237112, -0.02461771509883178, -0.9991537945318356, -0.03294940023653119, 14.006997260269975, 0.5429057141219408, 0.014313691862261516, -0.8396716642825444, 746.3881416304794, 0.0, 0.0, 0.0, 1.0]},
{ "rotation": [2.9803823657250734,-0.03985148933198814,0.960214037328631], "transformation": [0.8116358538489435, -0.02731854169473599, 0.5835245821956174, -11.008257717314285, -0.02112783027278364, -0.9996251522407801, -0.017411771752512416, 12.242229057922051, 0.583781513526132, 0.0018034099007473332, -0.8119087954800517, 730.9285187352617, 0.0, 0.0, 0.0, 1.0]},
{ "rotation": [2.923112537943607,-0.05206155707847196,0.9959444924560114], "transformation": [0.791614310427652, -0.04897720584079241, 0.609055019546002, -11.056356948904039, -0.014791147919851845, -0.9980262300370496, -0.06103168112748819, 15.543507364079, 0.6108420462520285, 0.03930492928454375, -0.7907762749757807, 737.7965186308138, 0.0, 0.0, 0.0, 1.0]},
{ "rotation": [2.9285961163363514,-0.04606147897894306,1.0587863707502532], "transformation": [0.7684611007840285, -0.037033677378252236, 0.6388239533092375, -11.10210575774939, -0.01858407917317085, -0.9991943939241718, -0.03556958183325071, 12.392525933379018, 0.6396265852691589, 0.015461885083990554, -0.7685302606446702, 734.0317082506232, 0.0, 0.0, 0.0, 1.0]},
{ "rotation": [2.889448434992318,-0.05077554015037026,1.152482750106914], "transformation": [0.7250975007742629, -0.04155472171493001, 0.6873913146629892, -13.126973884918533, -0.019058468124774026, -0.9990062993895152, -0.04028881448743868, 12.837016537743272, 0.6883824439682166, 0.01611269323424861, -0.7251689402843202, 731.7944170959589, 0.0, 0.0, 0.0, 1.0]},
{ "rotation": [2.8842915535001143,-0.05738008931872795,1.1754837401360234], "transformation": [0.7145950001127233, -0.044078016661364766, 0.698148346887034, -13.355751187799266, -0.02412837724107064, -0.9989721034163295, -0.03837392353756564, 12.504650685926713, 0.6991221690274243, 0.01057662721073214, -0.7149240013674425, 732.2499832468686, 0.0, 0.0, 0.0, 1.0]},
{ "rotation": [2.8912319748095694,-0.03077251136780842,1.0822043148293212], "transformation": [0.7542318923944449, -0.03768232046111768, 0.6555259683794067, -10.299559247378854, 0.00037175161166472237, -0.998327205970668, -0.05781566932535287, 14.12994713705346, 0.6566080370326216, 0.043850114520545505, -0.7529562093247537, 737.4995422981413, 0.0, 0.0, 0.0, 1.0]},
{ "rotation": [2.9688657711890154,-0.05242021078006976,0.9889872083882001], "transformation": [0.7997328990654318, -0.03553473153066422, 0.599303406470749, -9.053104178673717, -0.028017262227673038, -0.9993681980744326, -0.021868646385351277, 12.167946848745842, 0.5997018619027841, 0.0006982352793650608, -0.8002232121713471, 745.6538248844462, 0.0, 0.0, 0.0, 1.0]},
{ "rotation": [-3.0264803035934222,0.05508378756017168,-0.8175122976035158], "transformation": [0.8634201882902292, -0.03230916744724483, 0.5034497950657364, -7.2283257160047505, -0.03552091020582656, -0.9993637584488069, -0.0032160903632187246, 9.713566241218913, 0.5032333885892466, -0.015106157616703104, -0.8640184955260181, 743.7445674782977, 0.0, 0.0, 0.0, 1.0]},
{ "rotation": [3.0461743950319433,-0.0383523375542224,0.7356364528640955], "transformation": [0.8895063118591275, -0.025576797392167915, 0.456206475839539, -8.034514035223758, -0.022001484241371112, -0.9996714861216404, -0.01314741520328945, 11.647445260553388, 0.4563928744557134, 0.001657489218963559, -0.8897768241955621, 737.2404964627651, 0.0, 0.0, 0.0, 1.0]},
{ "rotation": [3.060497076841047,-0.025832933330837957,0.6758279600517856], "transformation": [0.9068806444870913, -0.01766028994108291, 0.4210173521529413, -7.900195696658469, -0.014530324123509637, -0.9998378034619739, -0.010641261635771442, 11.485086716560797, 0.42113699236179986, 0.0035328356220001326, -0.9069901613231122, 741.1958087179606, 0.0, 0.0, 0.0, 1.0]},
{ "rotation": [-3.078244431670307,0.019281907126731643,-0.5810903629948211], "transformation": [0.9311098558226969, -0.010441169791730716, 0.3645893832288821, -4.460708623004886, -0.013751004881182326, -0.9998844318303238, 0.0064832744896533775, 10.044165828429945, 0.3644795553314262, -0.011050111163727738, -0.9311458257376635, 734.5858476382654, 0.0, 0.0, 0.0, 1.0]},
{ "rotation": [-3.0430056904946414,0.022202013345156663,-0.5335960890002448], "transformation": [0.9402783975698407, -0.005156123111248809, 0.34036737425604413, -5.643476063475588, -0.02313694691295754, -0.9985410378206222, 0.048790137073609414, 6.200913660170745, 0.33961922317654425, -0.05375137377385119, -0.9390258638964021, 728.3485551687887, 0.0, 0.0, 0.0, 1.0]},
{ "rotation": [-3.0690353666236097,0.02335962015050044,-0.48828773431679035], "transformation": [0.9505273700708703, -0.009521412708356145, 0.3104948654103501, -5.719536871483137, -0.02016229997675428, -0.9993135459576105, 0.031079229805032735, 7.853517166350687, 0.30998580678121646, -0.03580194918805141, -0.9500668502945119, 727.3638156187416, 0.0, 0.0, 0.0, 1.0]},
{ "rotation": [-3.0824648957946525,0.02571297962465827,-0.42486978450353063], "transformation": [0.9625860891540582, -0.01228860947202031, 0.27069726826168783, -5.153928995698376, -0.020446530370927314, -0.9994171392470727, 0.027337175695159824, 8.342540545395234, 0.2702035535719076, -0.03184920495776092, -0.9622762949281624, 724.9572608216162, 0.0, 0.0, 0.0, 1.0]},
{ "rotation": [-3.0847737811044955,0.010599865880294055,-0.3569297259757376], "transformation": [0.9735632332457842, -0.0026171086620054504, 0.22840267427126643, -4.193715740210798, -0.01094145671310198, -0.9993208393118449, 0.035187279549081116, 8.31260254897424, 0.22815546321973157, -0.03675609962062246, -0.9729306623514692, 732.3468931319911, 0.0, 0.0, 0.0, 1.0]},
{ "rotation": [-3.1035179674363094,0.0010097681432620028,-0.3074520500589473], "transformation": [0.9805650847483596, 0.001611337487530437, 0.1961874566937, -3.432435676329365, -0.0028999700610102506, -0.9997379920092346, 0.0227054510412956, 9.863393420512152, 0.19617264015679245, -0.02283311027531524, -0.9803034960302186, 731.9245320067835, 0.0, 0.0, 0.0, 1.0]},
{ "rotation": [-3.10838041090179,-0.0016467516298984072,-0.22981895538382863], "transformation": [0.9891276962820159, 0.0028767077277326303, 0.14703103414069532, -1.308006062925963, -0.0007694393659580959, -0.9996937321910967, 0.024735597443725017, 9.07800456955536, 0.1470571603523447, -0.024579795981356418, -0.9888225448575795, 734.1350796320411, 0.0, 0.0, 0.0, 1.0]},
{ "rotation": [3.1264840883196863,0.02955691286968897,0.18695375405251016], "transformation": [0.992696866485944, 0.018277858967143967, 0.11924282427283936, -0.7563646742138129, 0.019398114739782663, -0.999777877034718, -0.008240736404880006, 12.868368418619825, 0.11906571468532945, 0.010493639193801314, -0.992830921719777, 737.2211936889344, 0.0, 0.0, 0.0, 1.0]},
{ "rotation": [3.1366296194292436,0.020895085949933098,0.1466388123422635], "transformation": [0.9955499639668145, 0.013225083246940553, 0.09330255312040388, -0.46720067951739197, 0.013362158837090073, -0.9999103657038236, -0.0008445526969701268, 12.196420036240445, 0.09328302073199961, 0.0020875179417375565, -0.9956374442094653, 731.811866680869, 0.0, 0.0, 0.0, 1.0]},
{ "rotation": [3.1377717510906464,0.033763586014636124,0.11048605530316276], "transformation": [0.9972923837160899, 0.02143195500074374, 0.07034609219229503, -0.08208112165762826, 0.021551225456334304, -0.9997673064055865, -0.0009368691735005387, 12.781205497449166, 0.0703096441692818, 0.002450376984078702, -0.9975222050608321, 734.4211326647488, 0.0, 0.0, 0.0, 1.0]},
{ "rotation": [3.138380594711978,0.0259784144832722,0.0957856912035531], "transformation": [0.9980019296585504, 0.01648862167301712, 0.06099404686633765, -0.6925376817874065, 0.016588875225896933, -0.9998617479750304, -0.0011376093601438153, 13.6778582632036, 0.0609668567054962, 0.0021471589696093426, -0.9981374815584327, 732.1788375919327, 0.0, 0.0, 0.0, 1.0]},
{ "rotation": [3.1291638934221453,0.04167193951040288,0.05285693392259148], "transformation": [0.9990751001027977, 0.026423656487054484, 0.033922481224687315, 0.5154879670710578, 0.026818989070295216, -0.9995769744257639, -0.011252289681793903, 14.542257509286586, 0.03361080451034318, 0.012151649093426102, -0.999361121539395, 735.3467103923842, 0.0, 0.0, 0.0, 1.0]},
{ "rotation": [3.135710945203857,0.05793042104035493,0.06387841054957356], "transformation": [0.9984885663221986, 0.03682507016303212, 0.0407982491208651, -0.8918518144017745, 0.037016331238544156, -0.9993068846936481, -0.003942261472065849, 14.51829534832177, 0.040624797174617235, 0.005446504508720855, -0.9991596276087008, 732.2481143503529, 0.0, 0.0, 0.0, 1.0]},
{ "rotation": [-3.136497320707027,-0.04846555126367354,-0.02526707238872972], "transformation": [0.9993928586004015, 0.030931910448816775, 0.01603530774583688, -1.0432187260147694, 0.0308574999247814, -0.9995119428847729, 0.004867312307489708, 13.573492074274522, 0.01617803686821836, -0.004369547653122049, -0.9998595792292024, 737.5284933504063, 0.0, 0.0, 0.0, 1.0]},
{ "rotation": [3.127324343071528,0.04509507301140082,-0.024448665521971936], "transformation": [0.9994620804444753, 0.028938496629984527, -0.01543091592868033, 0.07164028678516839, 0.02872201761568662, -0.9994883993151416, -0.014070726297542226, 15.95648210206588, -0.015830207127066086, 0.013619950339576602, -0.9997819269696075, 742.5382965795362, 0.0, 0.0, 0.0, 1.0]},
{ "rotation": [3.1275028106796143,0.03130912556017142,-0.04671441839987828], "transformation": [0.9993535953979492, 0.02021727490940809, -0.02972630418379416, -0.06275611786414385, 0.019811545404474447, -0.9997073726574879, -0.013880624011517271, 15.798099051144998, -0.029998233845953123, 0.013282727487232446, -0.9994616926709214, 738.8392783687964, 0.0, 0.0, 0.0, 1.0]},
{ "rotation": [3.1361988009389266,0.020239103502595994,-0.059661972265566326], "transformation": [0.9991932386405393, 0.012992049072943395, -0.03800103309011017, -1.1677372024229309, 0.012810938591301094, -0.9999054075774407, -0.005005571875620014, 15.323678143567216, -0.038062471115776625, 0.00451470467232536, -0.9992651628743405, 738.9387896017963, 0.0, 0.0, 0.0, 1.0]},
{ "rotation": [-3.13453479470966,-0.028030416353723,0.08001140428576817], "transformation": [0.9985380179500513, 0.017720826178749146, -0.05106661363282894, -1.98296938297749, 0.01802250840122301, -0.9998227103018661, 0.005453178482176142, 13.792044795165161, -0.050960925220308914, -0.006365554506339705, -0.9986803611849573, 736.8422470186363, 0.0, 0.0, 0.0, 1.0]},
{ "rotation": [3.133209592177438,0.02528553948395486,-0.11938003809585895], "transformation": [0.9969709155322599, 0.01634447848165716, -0.07603848766203489, -1.5226058730743715, 0.015887026719286594, -0.9998518972203003, -0.006617099590210136, 15.491599954644766, -0.07613537919251115, 0.005389030351439052, -0.9970829265347411, 738.9615358117542, 0.0, 0.0, 0.0, 1.0]},
{ "rotation": [3.122240661171788,0.024319417585759513,-0.14523004023233732], "transformation": [0.9955615811235901, 0.01628050284733939, -0.09269349177658057, -1.9411320473520923, 0.014804755322594359, -0.9997528279846706, -0.01658620379989344, 15.647489231934651, -0.09294061227760095, 0.015140282814110824, -0.995556535022383, 741.3382405629974, 0.0, 0.0, 0.0, 1.0]},
{ "rotation": [-3.1260252010370886,-0.03679372620715025,0.20490099209493556], "transformation": [0.9911694866912002, 0.022870605530772237, -0.13061387389921, -0.15649275471982305, 0.02400116667819639, -0.9996868036031662, 0.007087926337792014, 13.001959633075176, -0.13041086093722545, -0.010160221667874211, -0.9914079771946922, 738.8370193579831, 0.0, 0.0, 0.0, 1.0]},
{ "rotation": [3.121442046210161,0.051166037301740165,-0.23049814794066595], "transformation": [0.988622357382692, 0.033423202971608015, -0.14665852851507463, -0.03270778515178946, 0.03176890748716578, -0.9994025959379748, -0.013608370567738544, 15.098017784719955, -0.14702574944600746, 0.008794358166215653, -0.9890935690137127, 745.5545426738163, 0.0, 0.0, 0.0, 1.0]},
{ "rotation": [-3.1212909245119715,-0.057931266647698244,0.2933856870195623], "transformation": [0.9818080954999747, 0.03621990384172382, -0.18638932956692728, 1.7555590273643582, 0.037344278606428756, -0.9992992723770715, 0.00252370402795643, 13.0358603401882, -0.18616731309786305, -0.009438368097906318, -0.9824727216272066, 742.5854857955811, 0.0, 0.0, 0.0, 1.0]},
{ "rotation": [-3.1012051189490757,-0.06876201753474406,0.29765377212373173], "transformation": [0.9807820228174723, 0.041488394145519775, -0.1906445301321115, 1.8381567982455842, 0.046335805041493094, -0.9987043690752433, 0.021037498928744392, 11.37572719018748, -0.18952471313584493, -0.029466868534782902, -0.9814336894408758, 735.2320971642717, 0.0, 0.0, 0.0, 1.0]},
{ "rotation": [-3.098589554777212,-0.09284762850963245,0.3184977983903607], "transformation": [0.9773369755992675, 0.056655446881153315, -0.20396714555333023, 2.0749457756102236, 0.06182513695276366, -0.9979050251483179, 0.019058153753893154, 10.82083574502817, -0.20246009129517006, -0.031236535058034687, -0.9787922099763154, 738.5183855823007, 0.0, 0.0, 0.0, 1.0]},
{ "rotation": [-3.103392890933919,-0.11469035647232129,0.3739907657980856], "transformation": [0.9687214330726197, 0.07112236107368546, -0.23774018352191656, 3.054919293645154, 0.07438463572372338, -0.9972182283327762, 0.004767708997839548, 11.684659478232891, -0.2367397538943961, -0.02230279884102926, -0.9713170821569429, 736.6812647132875, 0.0, 0.0, 0.0, 1.0]},
{ "rotation": [-3.09680447675965,-0.12379306563058892,0.41082240491496613], "transformation": [0.9623319985637213, 0.07644055166552716, -0.2609098821459697, 2.884327544288186, 0.08043650362968319, -0.996748864045686, 0.00465520219395819, 12.435881287928277, -0.25970578242346837, -0.025466528713284513, -0.965351937114703, 731.1334743863466, 0.0, 0.0, 0.0, 1.0]},
{ "rotation": [-3.093005928162943,-0.12944116318155643,0.4611981835573468], "transformation": [0.953154853953362, 0.08000998113518361, -0.2917091484747999, 3.7107451628917456, 0.08346190499215901, -0.9965107802665164, -0.0006125583225436975, 12.33591413633041, -0.2907403219373348, -0.0237627382968853, -0.9565068726718113, 736.5484126853418, 0.0, 0.0, 0.0, 1.0]},
{ "rotation": [-3.0888367527347507,-0.11288552937880943,0.49315147512947516], "transformation": [0.9477520211586894, 0.06935303747874524, -0.31137800593826537, 3.3923477216307982, 0.07300827245964642, -0.9973313317536149, 8.279504206200675e-05, 12.512159006376406, -0.31054129925354, -0.022811639463938466, -0.9502861308905285, 733.7241718448663, 0.0, 0.0, 0.0, 1.0]},
{ "rotation": [-3.092719159809213,-0.13146586477933378,0.5257386901702428], "transformation": [0.9404206823890254, 0.08219024852358123, -0.3299298458499793, 3.206960558432875, 0.08277712677563348, -0.9964922328914908, -0.01229540848047569, 13.841694794382834, -0.32978309146730045, -0.015747788243528186, -0.943925378272937, 739.553913254433, 0.0, 0.0, 0.0, 1.0]},
{ "rotation": [-3.0873427384122367,-0.15762281405278164,0.5546315449799405], "transformation": [0.9325920298018698, 0.09851412145913255, -0.34722769737329917, 3.343192725554045, 0.0988209724872291, -0.9949621979393203, -0.01687127939532404, 13.684383877973197, -0.3471404922314688, -0.018579358032290993, -0.937629077038677, 736.2290330135249, 0.0, 0.0, 0.0, 1.0]}]