[{ "rotation": [3.0601403088259658,0.09800137721805678,0.3992697448439303], "transformation": [0.9645674799715425, 0.05589467079355713, 0.257847556432533, 5.644784630299385, 0.06984314696239162, -0.9965311618266129, -0.045250174926631595, 21.364761606526177, 0.2544238813549903, 0.06165573197506348, -0.9651254111828581, 387.9096400340358, 0.0, 0.0, 0.0, 1.0]},
{ "rotation": [3.055176679330945,0.09902390968225439,0.4311304151074478], "transformation": [0.9589636871596154, 0.055829711527691214, 0.2779778588664392, 5.966792055867899, 0.07106108709025878, -0.9964557057716757, -0.045014979025011975, 21.786569915980177, 0.2744794502522655, 0.06292113910130993, -0.9595321576911363, 389.95136910682567, 0.0, 0.0, 0.0, 1.0]},
{ "rotation": [3.05271640434401,0.09405967150500442,0.4489977982996512], "transformation": [0.9558656975848607, 0.05228028632876795, 0.2891150979142919, 7.909545981671689, 0.06815534677630494, -0.9966543716725808, -0.045110000351749974, 21.706000375626086, 0.28578946251814497, 0.0628238417108927, -0.9562309072741136, 389.13813233382723, 0.0, 0.0, 0.0, 1.0]},
{ "rotation": [3.0546735681127823,0.10133982476394612,0.45239898437130954], "transformation": [0.954998854720717, 0.05721145244843819, 0.2910395801104363, 9.248344815159708, 0.07241456628756084, -0.9965013262039087, -0.04172813754812734, 21.867550592079308, 0.2876340002007819, 0.06092582853430121, -0.9558005677681435, 390.76380160262755, 0.0, 0.0, 0.0, 1.0]},
{ "rotation": [3.0592712423349093,0.09867741957337271,0.4734066154789015], "transformation": [0.9512693932502837, 0.05613230748446661, 0.30320901292954067, 9.519075255378517, 0.06968148281113316, -0.9969881943436358, -0.0340445486481807, 21.682904857552227, 0.3003848072364493, 0.05351359075866506, -0.9523157371300944, 389.86433922057114, 0.0, 0.0, 0.0, 1.0]},
{ "rotation": [3.045323363925946,0.11128291952771299,0.5454974214862934], "transformation": [0.935352549651753, 0.06261676512613652, 0.34813036148130516, 7.0623134822450035, 0.07875081534123247, -0.9963685199903182, -0.03237408617079596, 22.008585047178986, 0.3448389724828924, 0.0576967338541903, -0.936886956873401, 389.8476123962082, 0.0, 0.0, 0.0, 1.0]},
{ "rotation": [3.0341032651892053,0.11479820647910834,0.5780809113677167], "transformation": [0.9273260186410306, 0.06338054636169865, 0.3688486972923554, 8.990718751424353, 0.08236637648548475, -0.9959538663557237, -0.03593989587821039, 22.780752372684436, 0.36507839593164976, 0.06370873122247678, -0.9287943595812777, 389.5410252303892, 0.0, 0.0, 0.0, 1.0]},
{ "rotation": [3.040117868083201,0.11457927612718359,0.5949032355480245], "transformation": [0.9236413345681193, 0.06446780802537311, 0.3777970179946209, 9.570496909743099, 0.08046725766631621, -0.996399583167404, -0.026700020739440153, 22.21894339386331, 0.37471549944042476, 0.05506153278131201, -0.9255033884794186, 391.4367909075961, 0.0, 0.0, 0.0, 1.0]},
{ "rotation": [3.0122394510884227,0.12449038305970671,0.68266449008192], "transformation": [0.8992744248363601, 0.06730230849110683, 0.43217578380446203, 7.374156319546703, 0.08957961476098852, -0.9954854568516914, -0.03137192719697164, 23.62804165556357, 0.42811330445865153, 0.06692611200829682, -0.9012435265104248, 388.0417274807712, 0.0, 0.0, 0.0, 1.0]},
{ "rotation": [3.0060606062663022,0.14790754092384462,0.7014929387480374], "transformation": [0.8924372725958764, 0.08142650636261316, 0.44376281789173483, 8.567177313777128, 0.10467202200206883, -0.9941099491795269, -0.028092289908028038, 25.148038369535236, 0.43886157531917974, 0.07152015802455694, -0.8957038487717413, 391.84816501001836, 0.0, 0.0, 0.0, 1.0]},
{ "rotation": [2.9965142872739965,0.14160075953491869,0.743809707726424], "transformation": [0.8800443107845047, 0.07653704324318761, 0.4686833601349819, 8.337865285317946, 0.10102415618022914, -0.9945097016120789, -0.027286869874107257, 25.822718502070867, 0.4640216922988616, 0.07136199556517617, -0.8829446951338779, 391.0604750882167, 0.0, 0.0, 0.0, 1.0]},
{ "rotation": [3.004304783398543,0.12469943440395855,0.7591442813867524], "transformation": [0.8769748953281437, 0.06799882623747704, 0.47570073848431, 9.28738475287287, 0.08774848862079497, -0.9959536965479171, -0.01940198642679657, 24.953143241482927, 0.47245659664032497, 0.0587570758535922, -0.8793931830121134, 391.77683269503916, 0.0, 0.0, 0.0, 1.0]},
{ "rotation": [2.9931570058335972,0.12962389324408713,0.7986486363193751], "transformation": [0.8638668703409879, 0.0701219615508636, 0.4988155378850245, 7.755444163533508, 0.09124124691200568, -0.9956652694243553, -0.018047330109139004, 25.691112222533857, 0.4953877927333388, 0.06110304223510503, -0.8665202554126508, 391.04908243188146, 0.0, 0.0, 0.0, 1.0]},
{ "rotation": [3.0059521835722025,0.12741070748132072,0.796230813406717], "transformation": [0.8657693255609759, 0.07155302696280481, 0.4953015639488261, 7.790841414561853, 0.08657594423016281, -0.9962176625849396, -0.007414488145184955, 24.82033563292419, 0.49289763724159674, 0.049300436978382614, -0.8686894647199261, 390.9394939399517, 0.0, 0.0, 0.0, 1.0]},
{ "rotation": [2.997387300956857,0.12179501062267876,0.7590438266151692], "transformation": [0.876630117936835, 0.06463739409026496, 0.47680356920986905, 9.612920963311161, 0.0877810693796194, -0.9957899747410699, -0.02639716014555204, 27.016328934615302, 0.47308997049675555, 0.06499487280085448, -0.8786134225727374, 391.156433707491, 0.0, 0.0, 0.0, 1.0]},
{ "rotation": [3.0260569066129097,0.11877935913834659,0.7144961447205901], "transformation": [0.8916515971521153, 0.06733207858706666, 0.4476871904457709, 10.422454225198301, 0.08113538891229174, -0.9966343870610224, -0.01170244391361867, 25.423254630926657, 0.4453924987717396, 0.046757777114029966, -0.8941136573821142, 390.4722084410975, 0.0, 0.0, 0.0, 1.0]},
{ "rotation": [3.0326164819964974,0.11390790445996021,0.6271878464340537], "transformation": [0.915411842111055, 0.06326983936031659, 0.3975148887150843, 11.438118910311882, 0.0805509810103922, -0.9963872417242314, -0.02690732219009019, 26.49101309782105, 0.39437634155855433, 0.056651495624543025, -0.9172011280315746, 391.2291613263979, 0.0, 0.0, 0.0, 1.0]},
{ "rotation": [3.0444178770350274,0.11431448633919042,0.6042341125049223], "transformation": [0.9216212069935614, 0.06518951749134044, 0.3825763683618945, 11.40703046852141, 0.0790721197175045, -0.9966548374838811, -0.020657560440653103, 26.238139242453325, 0.379949931837223, 0.049289570187057, -0.9236929076092686, 391.51938113644314, 0.0, 0.0, 0.0, 1.0]},
{ "rotation": [3.048756421362089,0.10850101218545394,0.5734701269920027], "transformation": [0.9293199318588332, 0.061715431881902996, 0.3640819546716419, 13.291440463350922, 0.07555823891185161, -0.9968552635280072, -0.023885897702343777, 26.474279274567092, 0.3614628843774044, 0.04970703213970303, -0.931060574921648, 391.1773555289025, 0.0, 0.0, 0.0, 1.0]},
{ "rotation": [3.0481150614881707,0.10560850264465978,0.5581633355983081], "transformation": [0.932894985802474, 0.059562397144884635, 0.35518905713852966, 12.996542777740881, 0.07431799161596973, -0.9968405295882208, -0.02803202975961739, 26.635868859866417, 0.3523971929325932, 0.052547877375118214, -0.9343740894291741, 390.2788589358511, 0.0, 0.0, 0.0, 1.0]},
{ "rotation": [3.062310690994217,0.0893538019755336,0.5130954677271166], "transformation": [0.9437938467028105, 0.050867777574324424, 0.32659706693502294, 14.045557718890548, 0.06253004111848151, -0.997722308009022, -0.025301977370776958, 26.94114727105696, 0.3245661240543008, 0.044301978576575515, -0.9448249392403699, 390.02434741084244, 0.0, 0.0, 0.0, 1.0]},
{ "rotation": [3.0787464026655607,0.0805805445429978,0.44994578315725886], "transformation": [0.9568727665574079, 0.04700065273610084, 0.286680043363944, 16.1144051762401, 0.055412304833100806, -0.998236451424262, -0.021294682927448134, 26.012994959286303, 0.2851736051843787, 0.036261904118199524, -0.9577896894495507, 389.49561669878244, 0.0, 0.0, 0.0, 1.0]},
{ "rotation": [3.0736869845891186,0.07562886613466639,0.3772951747458796], "transformation": [0.9691526014496274, 0.043081014347609206, 0.24266697613437446, 15.932743650809376, 0.05377456885358135, -0.9978444278092484, -0.03761374263012211, 27.58490571309814, 0.24052345176308984, 0.049502768536867886, -0.9693801860256654, 387.8227728681163, 0.0, 0.0, 0.0, 1.0]},
{ "rotation": [3.071595367963838,0.08433709290552101,0.33335916706595103], "transformation": [0.9752610625782974, 0.04872173125682934, 0.21562015843141338, 16.76906946835285, 0.059677270412101246, -0.9972213032249427, -0.044590310500239046, 28.334364991107357, 0.21284849826769145, 0.05635481610017091, -0.9754586877400315, 385.4064754161206, 0.0, 0.0, 0.0, 1.0]},
{ "rotation": [3.0878881573093904,0.06898442452485748,0.2866561321130554], "transformation": [0.9819379432817485, 0.04059543122597421, 0.18479687905153105, 18.74123363830971, 0.04792370822813384, -0.9982248572466164, -0.035361738710604516, 27.134217907937114, 0.1830333131789776, 0.043579184693492916, -0.9821403468589287, 383.34175648325015, 0.0, 0.0, 0.0, 1.0]},
{ "rotation": [3.1060694370995736,0.05591629509680138,0.24990350674493234], "transformation": [0.9864992273432157, 0.033752705168166156, 0.16024989655244384, 20.551602890435692, 0.03775904164736969, -0.9990442142261209, -0.022020735573200046, 25.813226100033415, 0.15935347258566504, 0.027774321146401524, -0.9868308152159346, 384.0274388063606, 0.0, 0.0, 0.0, 1.0]},
{ "rotation": [3.12523855191563,0.036292993648773364,0.19657370035278363], "transformation": [0.9918513091926671, 0.022504864643362068, 0.1253974143281067, 21.775405179434088, 0.023756208075676803, -0.9996817102394245, -0.008492396048487104, 24.608396075328734, 0.1251663813915544, 0.011402161205804931, -0.9920702433241211, 382.47006823620694, 0.0, 0.0, 0.0, 1.0]},
{ "rotation": [-3.1329124737557663,-0.03454619611231987,-0.18151927284581776], "transformation": [0.9930669885670508, 0.022164378007524736, 0.11544131221495271, 21.32410704387715, 0.0217900591266768, -0.9997524247785424, 0.004503606630320487, 24.01857906174442, 0.11551255144626738, -0.00195691005523799, -0.9933040928947233, 381.85694822373836, 0.0, 0.0, 0.0, 1.0]},
{ "rotation": [3.1375307692392775,0.02041603676574441,0.126493008671291], "transformation": [0.996670095931818, 0.012934127828361397, 0.08050731775795505, 20.763417438351528, 0.013050681068184689, -0.9999144114435011, -0.0009216893474862635, 24.772724738691064, 0.08048850600500213, 0.0019692955380925417, -0.9967535915541846, 378.81252161265536, 0.0, 0.0, 0.0, 1.0]},
{ "rotation": [-3.124848985176045,-0.007390638733212739,-0.11159188343969612], "transformation": [0.997441659164595, 0.0052500639851645, 0.07129216921325324, 20.15017312403675, 0.0041977951430810165, -0.9998801508042321, 0.014901763105180463, 23.521586367685234, 0.07136186011390244, -0.014564369394445848, -0.9973441552770167, 378.32456286516583, 0.0, 0.0, 0.0, 1.0]},
{ "rotation": [-3.118146028394612,0.0157140174835493,-0.0823771925099691], "transformation": [0.9985545422245425, -0.009481159802954052, 0.052904950727917247, 19.41907622776893, -0.010659915689857238, -0.9997001886645814, 0.022043116419538163, 22.996407828405363, 0.0526800949146605, -0.022575216339849893, -0.9983562326178924, 375.9461268979741, 0.0, 0.0, 0.0, 1.0]},
{ "rotation": [-3.1191693404740697,0.02562353513485253,-0.06704562914905104], "transformation": [0.9989416712732163, -0.015955031949323926, 0.04313901191924361, 19.550173250570946, -0.01688318274918898, -0.9996318999876724, 0.02123729425547196, 23.426587290175082, 0.04278429074006109, -0.02194314203873428, -0.9988433325518762, 377.43248878305286, 0.0, 0.0, 0.0, 1.0]},
{ "rotation": [-3.133615593160597,0.05109361582993238,-0.016182662592615076], "transformation": [0.9994151348021946, -0.03256118908125253, 0.010447836805977048, 20.280640215669244, -0.03263883405057048, -0.9994401908689581, 0.007349244018263845, 25.434041431025072, 0.010202687887450473, -0.0076859509129051165, -0.999918412330944, 376.6680475485411, 0.0, 0.0, 0.0, 1.0]},
{ "rotation": [3.1345833702850685,-0.041654123390884444,0.007379634228472335], "transformation": [0.9996358132714277, -0.026587823679221228, 0.0046182742636648524, 19.955683023401907, -0.026556167386293354, -0.9996242912592508, -0.00678574227271277, 27.09352669756861, 0.0047969572567363415, 0.006660627331051839, -0.9999663120548782, 376.79145593637116, 0.0, 0.0, 0.0, 1.0]},
{ "rotation": [3.1332317875301623,-0.05236966313653145,-0.004466720344199298], "transformation": [0.9994373692664432, -0.03340731065551318, -0.002982701550123106, 18.87337064772079, -0.033429888822788426, -0.9994100692469434, -0.007871214716669406, 26.850674209578234, -0.002717985847475476, 0.007966497510571557, -0.9999645731076412, 376.46924936425694, 0.0, 0.0, 0.0, 1.0]},
{ "rotation": [3.129292920444458,-0.058736009226455534,-0.017769162657146374], "transformation": [0.9992312288890224, -0.03745735125806937, -0.011571432481074109, 18.36728539435426, -0.03759017420430072, -0.9992272666655226, -0.011482523914140378, 27.01896689731616, -0.01113238591788719, 0.011908668644230956, -0.9998671179686315, 376.21638728431986, 0.0, 0.0, 0.0, 1.0]},
{ "rotation": [3.1249456674502376,-0.0645190259181123,-0.030698956193739756], "transformation": [0.9989550446807627, -0.041113266251668036, -0.019962916745157003, 17.57125973114889, -0.04142419973365915, -0.9990226513668132, -0.015420043205153465, 27.119660685277587, -0.019309437673856004, 0.01623087779950117, -0.9996818014861415, 374.9028905512416, 0.0, 0.0, 0.0, 1.0]},
{ "rotation": [3.1351309227422144,-0.07065500433041971,-0.038986716035643916], "transformation": [0.9986758156919329, -0.044975487738693976, -0.024976401957022495, 17.605487725070667, -0.04511032546847894, -0.9989701824770112, -0.004861384368133406, 25.50589715452134, -0.02473203768758388, 0.0059816406205504815, -0.9996762207271445, 374.27052363777557, 0.0, 0.0, 0.0, 1.0]},
{ "rotation": [3.131472755731061,-0.07848117025612547,-0.07591922097135181], "transformation": [0.9975712432793928, -0.04986332931605789, -0.048633969316982495, 17.94767333097073, -0.050261494859620275, -0.9987115754462412, -0.006997942852228285, 25.42029919706268, -0.048222367387792134, 0.009425362550323956, -0.9987921534655304, 374.7177014742721, 0.0, 0.0, 0.0, 1.0]},
{ "rotation": [3.120262126022621,-0.0897371189552938,-0.10746870966475006], "transformation": [0.9959816769654977, -0.056772765374551754, -0.06926292125458763, 19.202242455146187, -0.05802451178951494, -0.9981837936212408, -0.016194757901760358, 26.179542969439726, -0.06821770430453925, 0.02014862932395861, -0.9974669806844657, 375.91497975091846, 0.0, 0.0, 0.0, 1.0]},
{ "rotation": [3.1084431050526833,-0.13475142847611912,-0.17358637005090347], "transformation": [0.9900558458522492, -0.08484093915914036, -0.11221157309467657, 16.62285837658406, -0.0876694924087829, -0.9959384741928123, -0.02050891814014348, 25.80682034699863, -0.11001582701853972, 0.03014250595235564, -0.9934726705553298, 377.5863327558159, 0.0, 0.0, 0.0, 1.0]},
{ "rotation": [3.1170322390732026,-0.13190283551779666,-0.25227539591894416], "transformation": [0.9834563474540636, -0.08299675420277595, -0.1610128921674164, 15.86944777519952, -0.08486462214836028, -0.9963811854340733, -0.004746495613274739, 24.068815144220714, -0.16003627263819944, 0.01833226949384038, -0.9869408894839028, 375.2275380534569, 0.0, 0.0, 0.0, 1.0]},
{ "rotation": [3.1111601626280683,-0.13752304335832366,-0.29624757852933326], "transformation": [0.978199355932639, -0.08617584753488165, -0.18894375711998715, 13.192979095239284, -0.08870153164281434, -0.9960460189387126, -0.00493623749028598, 24.558685280873497, -0.1877712926333274, 0.02158822498461905, -0.9819755038720787, 375.869751150777, 0.0, 0.0, 0.0, 1.0]},
{ "rotation": [3.11262337973735,-0.13315870966381751,-0.3183767735201492], "transformation": [0.9757141246707863, -0.08351327487200871, -0.20250303661445213, 13.178468758382088, -0.08552550067031517, -0.9963352697876737, -0.0011911810170609754, 24.274497000642604, -0.20166143819038318, 0.018481425737096283, -0.9792809102855577, 376.8138127767334, 0.0, 0.0, 0.0, 1.0]},
{ "rotation": [3.099033476862895,-0.15286860048464096,-0.32079979644571127], "transformation": [0.974046880355737, -0.09507504621869917, -0.20541034651586568, 12.856163655907142, -0.09965143425446288, -0.9949497301575025, -0.012026059643187533, 26.56116148117395, -0.20322959066111476, 0.03218338151943108, -0.9786020454882007, 379.4710213880151, 0.0, 0.0, 0.0, 1.0]},
{ "rotation": [3.1083905428192824,-0.14330743122508055,-0.34123340405274083], "transformation": [0.9720436860869238, -0.08968914035419985, -0.21699523137864155, 12.698676323952865, -0.09214094090352513, -0.9957452681442209, -0.0011865824061051081, 25.06173781120541, -0.21596555129917974, 0.021147554726682484, -0.9761719426315854, 376.6050602208057, 0.0, 0.0, 0.0, 1.0]},
{ "rotation": [3.0949896793233465,-0.14706028338594923,-0.3970198914135726], "transformation": [0.9632643059995851, -0.09101868906889644, -0.2526607904430702, 13.885879330499131, -0.09553764471496758, -0.9954097924671841, -0.005648318577608363, 25.70022803143092, -0.2509869224271538, 0.0295794405054774, -0.9675384341047796, 377.22723846688257, 0.0, 0.0, 0.0, 1.0]},
{ "rotation": [3.0916480816247374,-0.14753265230826298,-0.41501075291616163], "transformation": [0.9602179906896994, -0.09104411937563478, -0.2639931413558906, 13.609451324229973, -0.09602134313378066, -0.9953612902904727, -0.005983598755786915, 25.94532987348003, -0.2622237823284166, 0.03109453518547373, -0.9645059967999051, 377.97461958408775, 0.0, 0.0, 0.0, 1.0]},
{ "rotation": [3.0929956351105123,-0.1558403122348047,-0.4431233444631204], "transformation": [0.9549138691469007, -0.09663383116906873, -0.2807158798224355, 12.564492633065868, -0.10035380589869855, -0.9949511750901536, 0.0011281969548195409, 25.089699466489993, -0.279407616489856, 0.02709357599709661, -0.9597902489539822, 376.7031509660193, 0.0, 0.0, 0.0, 1.0]},
{ "rotation": [3.099641222011313,-0.15692356548937245,-0.4598168662632099], "transformation": [0.9520399057061132, -0.09822272863661437, -0.289779767275555, 12.378687110963948, -0.09942578500664324, -0.9949884639581348, 0.010605181094367042, 24.366907018611496, -0.28936919535242445, 0.018715025231336987, -0.957034595305562, 378.576650063466, 0.0, 0.0, 0.0, 1.0]}]