[{ "rotation": [-2.897470522197458,-0.132153672853807,-0.9792425277381944], "transformation": [0.7919679331811789, 0.10723264270857524, 0.6010723360382398, -13.635795926958036, 0.05593702787796865, -0.9930592636170601, 0.10346181835112746, 16.979671858427857, 0.6079949356079465, -0.04831624242506223, -0.7924693678578444, 761.1056957449043, 0.0, 0.0, 0.0, 1.0]},
{ "rotation": [-2.896184010642674,-0.14161940915121393,-1.0060385622639159], "transformation": [0.7811438080161159, 0.11067253935826726, 0.6144639454272922, -14.906532435899868, 0.06326234012194151, -0.9931289482737589, 0.09845185840274213, 17.03068459869524, 0.621137849048323, -0.038032632470689956, -0.7827779323326458, 754.19798702224, 0.0, 0.0, 0.0, 1.0]},
{ "rotation": [-2.889482244929461,-0.13687114180349116,-1.0106999728309989], "transformation": [0.7787512805241349, 0.10961538874132083, 0.6176818838472683, -14.956978220275438, 0.0586154972164412, -0.9930226711000415, 0.1023239862759866, 17.12386740124351, 0.6245883977213237, -0.04347920459746282, -0.7797428372222996, 755.2703416853128, 0.0, 0.0, 0.0, 1.0]},
{ "rotation": [-2.9013718528764603,-0.1354690540171881,-0.9956273645235671], "transformation": [0.7860855430276527, 0.10633023338134368, 0.6089034410413445, -14.86275610379856, 0.06022305853906451, -0.9935812142081716, 0.09575778815749546, 17.04273206915584, 0.6151769682482606, -0.03860378532844101, -0.7874433601823017, 758.2363232825837, 0.0, 0.0, 0.0, 1.0]},
{ "rotation": [-2.9076482906902954,-0.13536774025489612,-0.9856286772696462], "transformation": [0.7906379233298282, 0.10519177972538127, 0.6031802082884535, -14.639716661687554, 0.06131914898486557, -0.9937822054692661, 0.09293486999190917, 17.881406965147164, 0.6092057420613065, -0.03649133555856874, -0.7921721695873217, 757.8066484312526, 0.0, 0.0, 0.0, 1.0]},
{ "rotation": [-2.9208693495356686,-0.13017330910517488,-0.9570653709481052], "transformation": [0.8030663521841378, 0.10052076768253201, 0.5873499887240804, -14.21846742641467, 0.06000322731869975, -0.994300398464227, 0.08812678551507337, 17.331157119721716, 0.5928608999596815, -0.03552876128425714, -0.8045207644434064, 758.2726971721789, 0.0, 0.0, 0.0, 1.0]},
{ "rotation": [-2.921173034940426,-0.11586941881818841,-0.9243986264941808], "transformation": [0.8156183113417613, 0.09463186767567672, 0.5707990713239001, -13.946308829277665, 0.049176752996983895, -0.9943023917191025, 0.094574842248591, 17.080612126197863, 0.5764966757655131, -0.049066928188806036, -0.815624925679339, 758.5007312052958, 0.0, 0.0, 0.0, 1.0]},
{ "rotation": [-2.9364050872719436,-0.11245833179280833,-0.9142991283087014], "transformation": [0.8209876313589216, 0.08868698437193268, 0.5640158933564544, -14.209281473337608, 0.050636024887169284, -0.995279482436425, 0.0827933863585008, 17.780766020411676, 0.5686961421878055, -0.0394128233458932, -0.8216029011734395, 759.2858968441236, 0.0, 0.0, 0.0, 1.0]},
{ "rotation": [-2.9325511875323276,-0.11014735694214728,-0.8875406229712011], "transformation": [0.8300554112723986, 0.09052219430310972, 0.5502851502230094, -13.149776947108576, 0.046737366912483466, -0.9945586117898747, 0.0931063169107509, 16.7267916244942, 0.5557190232046209, -0.0515645232029477, -0.8297695265526174, 758.5197610376373, 0.0, 0.0, 0.0, 1.0]},
{ "rotation": [-2.928392016104189,-0.10201184367403114,-0.8999373664429048], "transformation": [0.8256451937519403, 0.08588686736895719, 0.5576140780574571, -14.01571857372242, 0.041104548320793924, -0.9948756113577107, 0.09237388176841273, 16.781931862437684, 0.5626903501408783, -0.053347576694432255, -0.8249446077884063, 759.4035669001735, 0.0, 0.0, 0.0, 1.0]},
{ "rotation": [-2.9356713913499783,-0.09164398584341493,-0.8682183221763374], "transformation": [0.8377425192080069, 0.07960270467669248, 0.5402322472040867, -13.596098743552824, 0.03494232148473207, -0.9951047375476006, 0.09244239005769206, 16.626495886336453, 0.5449463328441432, -0.05856595187031571, -0.8364230530068166, 759.5825346065949, 0.0, 0.0, 0.0, 1.0]},
{ "rotation": [-2.9520056656854456,-0.09871459836235885,-0.8375008521967243], "transformation": [0.8492929602265391, 0.081241796173494, 0.5216332411418447, -12.78044739815284, 0.042267462940588835, -0.9953801407916424, 0.08620810225365208, 17.231310121463974, 0.5262270700811651, -0.05116782066997422, -0.8488032309326337, 762.1517382266474, 0.0, 0.0, 0.0, 1.0]},
{ "rotation": [-2.9716179569372017,-0.07362296077451932,-0.7602678430786213], "transformation": [0.8762170796739345, 0.06458323498699046, 0.4775695080784553, -11.880424268288914, 0.02825140384183268, -0.9961590315041858, 0.08287968468574365, 17.31749257394412, 0.48108781679507145, -0.05912858624436897, -0.8746761245284417, 762.0789962926985, 0.0, 0.0, 0.0, 1.0]},
{ "rotation": [-2.99767626937129,-0.07106734625508729,-0.712101973895825], "transformation": [0.8922566816022884, 0.05859916009791204, 0.4477098977819131, -11.904294918413008, 0.031037703753487144, -0.9971573117274133, 0.06865825962161418, 19.38890497409996, 0.45046051445357843, -0.047364903719710846, -0.891539057368683, 763.9581870574028, 0.0, 0.0, 0.0, 1.0]},
{ "rotation": [-3.015982858515722,-0.07588651785182993,-0.6035931485127917], "transformation": [0.9218920223193199, 0.06102154266243402, 0.382611383148869, -11.877403866039655, 0.03558781980245958, -0.9966814082546499, 0.07320981847563651, 19.887209781465636, 0.3858090282324943, -0.05387524265026311, -0.9210042627282861, 766.0237797653753, 0.0, 0.0, 0.0, 1.0]},
{ "rotation": [-3.017955931228089,-0.050550217916531866,-0.5423038703750898], "transformation": [0.9370032158825827, 0.045627170767449106, 0.34632807381651143, -10.542962192447256, 0.01916785809609011, -0.9966549098704441, 0.07944547719754083, 19.196211519325214, 0.34879444754999345, -0.06780230024781508, -0.9347434308083689, 769.7872388290355, 0.0, 0.0, 0.0, 1.0]},
{ "rotation": [-3.0256929485493727,-0.05786599046391004,-0.47537899763556046], "transformation": [0.9511979512534885, 0.04938644236290524, 0.30460373740632557, -10.026022621888217, 0.025129377497464474, -0.9962285401763581, 0.08304944385528701, 18.648373409444513, 0.3075564532207969, -0.07134195854346853, -0.9488515969493996, 771.5075897313196, 0.0, 0.0, 0.0, 1.0]},
{ "rotation": [-3.0304411784710594,-0.07657738338132311,-0.4634846620793502], "transformation": [0.9531334962312464, 0.06060171808820229, 0.29641857250644577, -11.680476966773357, 0.03796533467594429, -0.9959466947151961, 0.08154026397320113, 19.23568124542781, 0.3001585776301329, -0.06646512657502304, -0.9515709197030043, 768.1304553799082, 0.0, 0.0, 0.0, 1.0]},
{ "rotation": [-3.0246391292825976,-0.07799995974395815,-0.41044956935026833], "transformation": [0.962627175241491, 0.06235789948502232, 0.2635534364382346, -12.152199781815497, 0.03866665385650013, -0.9948072223909844, 0.09414605758222759, 19.281924272584465, 0.2680556124503427, -0.08043682397105421, -0.9600396377146734, 764.2503360016026, 0.0, 0.0, 0.0, 1.0]},
{ "rotation": [-3.023712052520586,-0.07118630092370698,-0.3761733856308285], "transformation": [0.9685120637307668, 0.05779332581884902, 0.24216588095511649, -12.51392589221195, 0.034688073146853377, -0.9945210335202243, 0.09861364746942268, 19.232654547640823, 0.2465382728692035, -0.0871082394303856, -0.9652103577117316, 766.1375464860647, 0.0, 0.0, 0.0, 1.0]},
{ "rotation": [-3.0468089297274368,-0.07903427132903872,-0.2946508680010615], "transformation": [0.9801797559406529, 0.05893056052474777, 0.18914236722733768, -12.548244917043636, 0.04363716344205978, -0.9955073275797558, 0.08402951089792113, 19.851097202646645, 0.19324451870843062, -0.07411038909121934, -0.9783476918856073, 761.6211254220883, 0.0, 0.0, 0.0, 1.0]},
{ "rotation": [-3.0494125155149483,-0.06656164725980777,-0.24427772491531174], "transformation": [0.9863302243054958, 0.049798245119995484, 0.1570758523912564, -11.381923150532632, 0.03677020434249221, -0.9957206255187556, 0.08478436170160995, 20.858885967854206, 0.16062577842327266, -0.07784966730504957, -0.9839404395624823, 767.4573267102118, 0.0, 0.0, 0.0, 1.0]},
{ "rotation": [-3.054450413942629,-0.05814353403260959,-0.19450011955223545], "transformation": [0.991218667652875, 0.04294583757952043, 0.12506481492031327, -12.795988680724278, 0.03273956205361059, -0.996049008484517, 0.08254994714443102, 21.76754237022713, 0.1281158615199404, -0.07773048135451129, -0.9887083990213694, 763.1201083669488, 0.0, 0.0, 0.0, 1.0]},
{ "rotation": [-3.0552647577458107,-0.05810968900622864,-0.17397483550641665], "transformation": [0.9928291989191427, 0.04242980130328015, 0.11175819314456674, -12.596823097424739, 0.03325134734796934, -0.9960155705745618, 0.08274860163516254, 22.591815677261202, 0.11482390723677195, -0.07843911737388623, -0.9902841891055754, 763.641029655698, 0.0, 0.0, 0.0, 1.0]},
{ "rotation": [-3.051846013771342,-0.03402517384480453,-0.135099464813068], "transformation": [0.9958485211926503, 0.026033508300976418, 0.08722373119715895, -12.16188488603225, 0.01838660896970323, -0.9960076813374017, 0.08735348491896676, 21.442836023171637, 0.08914962394203621, -0.08538709013917688, -0.9923514444936117, 757.2002067919524, 0.0, 0.0, 0.0, 1.0]},
{ "rotation": [-3.0590294772531497,-0.03828770110241801,-0.11998546641116246], "transformation": [0.9966208840631207, 0.02808104366833341, 0.07718982080391305, -11.939951087651242, 0.021819525072949285, -0.9964916947424448, 0.08079734299419229, 22.45876890530167, 0.07918788906666217, -0.0788400741744157, -0.9937371488121689, 760.6317668466401, 0.0, 0.0, 0.0, 1.0]},
{ "rotation": [-3.0672588038994713,-0.027172986816155216,-0.09020343375052363], "transformation": [0.9981175970873863, 0.0198184966478208, 0.05803869032913266, -11.53456233862056, 0.015537291169376664, -0.997188276006673, 0.07330849049023876, 23.276240633704333, 0.059328365624030564, -0.07226873034348764, -0.995619091644451, 759.523908982178, 0.0, 0.0, 0.0, 1.0]},
{ "rotation": [-3.0621215488373634,-0.029353837857419122,-0.07999733826517078], "transformation": [0.9984547701537004, 0.021170369211803146, 0.05137983480662862, -11.567481977947416, 0.017085730432839952, -0.9967538770718087, 0.07867519531525671, 22.993472018816448, 0.052878632479450856, -0.07767576204810225, -0.9955753744530595, 760.6197048056447, 0.0, 0.0, 0.0, 1.0]},
{ "rotation": [-3.0563381743346834,-0.024893603573694294,-0.08106575495350722], "transformation": [0.9984641969231011, 0.018475134381983477, 0.05222946364146675, -11.573680423771993, 0.014021949479112136, -0.9963351634856392, 0.08437788178693448, 22.291021322498626, 0.053596943900868756, -0.08351593507596208, -0.995064046276859, 758.7762501807132, 0.0, 0.0, 0.0, 1.0]},
{ "rotation": [-3.060349952193229,-0.025933318978818388,-0.08271064148602657], "transformation": [0.9983993677824968, 0.019066632280950634, 0.0532462763484332, -11.841663940553055, 0.014747901884810687, -0.9966572055889313, 0.08035492478783608, 23.009243085334667, 0.05460038279633855, -0.07944103524706743, -0.9953431167780121, 761.6187652331873, 0.0, 0.0, 0.0, 1.0]},
{ "rotation": [-3.0602164270918575,-0.02491455209883629,-0.04783912787215947], "transformation": [0.9993798866740331, 0.017514308669663442, 0.030546539954985064, -10.875123236327612, 0.014988076465399383, -0.9965969971405922, 0.08105419701793092, 22.875851330015287, 0.03186219821771699, -0.08054610035363581, -0.9962414998596258, 760.0769291858333, 0.0, 0.0, 0.0, 1.0]},
{ "rotation": [-3.0581825506246294,-0.03711270937913162,0.006318045650049316], "transformation": [0.9996974906193337, 0.02405382949604442, -0.005132303185016911, -11.087323718639347, 0.024397091767342526, -0.9962486822720732, 0.08302617047927478, 23.393552211688515, -0.003115952936675869, -0.08312626755564666, -0.9965341511857803, 764.4091827133717, 0.0, 0.0, 0.0, 1.0]},
{ "rotation": [-3.008520799446103,-0.04115531139251709,0.1683394435846159], "transformation": [0.9934130234480717, 0.02002152183271051, -0.11282598773005771, -10.381438832397393, 0.03429248099185547, -0.9914368484809322, 0.12600397303902888, 18.85647956554431, -0.10933705040462756, -0.12904307086279132, -0.9855928648641469, 752.9504359340273, 0.0, 0.0, 0.0, 1.0]},
{ "rotation": [-3.0276907452211668,-0.020166946083469625,0.2521810869286803], "transformation": [0.9861701114723427, 0.004630912003671496, -0.16567156030121993, -9.621056478720808, 0.02175710391813479, -0.9945761699197566, 0.10170973727644209, 21.28980952727534, -0.1643019770657736, -0.10390763630148478, -0.980922047591202, 755.8630005909616, 0.0, 0.0, 0.0, 1.0]},
{ "rotation": [-3.0487498584284562,0.008844828559732369,0.3992934561326375], "transformation": [0.9662938249820198, -0.014365381056651985, -0.25704061863587896, -9.968566378750108, 0.0029693598507682254, -0.9977536057438995, 0.06692477214846425, 25.108188382072978, -0.2574246039206331, -0.06543224015838366, -0.9640804920981239, 764.3499972180508, 0.0, 0.0, 0.0, 1.0]},
{ "rotation": [-3.063214014834274,0.016160690211171155,0.4762712091828674], "transformation": [0.9527599070670677, -0.01667654387364994, -0.3032663060248899, -9.970855895853298, -0.00391882547690291, -0.999083339147416, 0.04262774032166135, 27.379825519932705, -0.3036991970559578, -0.0394255541810086, -0.9519519018233468, 768.0442707075492, 0.0, 0.0, 0.0, 1.0]},
{ "rotation": [-3.0316058122947913,0.022936993653314218,0.6070884602476668], "transformation": [0.9228314945232388, -0.02429591531774214, -0.3844369144799698, -8.264924380366748, -0.004781503494879767, -0.998654536039006, 0.05163579062090577, 25.50020762014167, -0.3851742072625515, -0.045812947379432714, -0.9217060290092901, 764.4476964196743, 0.0, 0.0, 0.0, 1.0]},
{ "rotation": [-3.0358950120421175,0.01798413107481145,0.6566573568658096], "transformation": [0.9105765463645181, -0.01880497148680895, -0.41291249225259047, -7.890795161890734, -0.003823456539431061, -0.9993050256362568, 0.03707892822360758, 27.409654247575745, -0.4133227968440119, -0.032184449436034525, -0.9100156189997747, 768.1426653979607, 0.0, 0.0, 0.0, 1.0]},
{ "rotation": [-3.012171355856922,0.026032906690830797,0.6836786330362784], "transformation": [0.9019482196958928, -0.02808419788856977, -0.43093002542914716, -8.099867004894948, -0.00476725403376895, -0.9984698235962581, 0.05509341754361052, 25.79657760549721, -0.43181788091322393, -0.047637056968422714, -0.9007019643183866, 763.296063213638, 0.0, 0.0, 0.0, 1.0]},
{ "rotation": [-3.0083839067221816,0.025018239430918382,0.707335924309889], "transformation": [0.8951719248468364, -0.02743342164811561, -0.444875974112659, -9.689499746347114, -0.0040660455702446145, -0.9985651796106926, 0.0533952183485192, 25.74195282119721, -0.4457024705332373, -0.045989014402811994, -0.8939990594596992, 762.5528426472488, 0.0, 0.0, 0.0, 1.0]},
{ "rotation": [-3.0024566375410613,0.03664215528447793,0.7623842814418325], "transformation": [0.8786546175375103, -0.03365137101066214, -0.47627056208536944, -9.735521188962302, -0.012179812231017448, -0.9987683170106546, 0.04809886807110838, 25.62894855677646, -0.4773025405903767, -0.03646140651164597, -0.877982260971806, 759.1810138525481, 0.0, 0.0, 0.0, 1.0]},
{ "rotation": [-3.00318052470829,0.03936908984674135,0.7508648355034011], "transformation": [0.8820896167104525, -0.03574326575609232, -0.4697236709435634, -10.697838922928213, -0.013574461761951448, -0.9986318676943773, 0.05049878031312263, 25.191483479761548, -0.4708860181397203, -0.038168203760840805, -0.8813679970036296, 766.2302539457849, 0.0, 0.0, 0.0, 1.0]},
{ "rotation": [-2.995106828064759,0.033284589728556996,0.7393473794516493], "transformation": [0.885000314518036, -0.03443931678499074, -0.464314954273885, -11.186943555379928, -0.007421317456567081, -0.9981772848243647, 0.05989183673813935, 24.232373287709862, -0.4655312742987153, -0.049558465674818274, -0.883642796117171, 765.68729346373, 0.0, 0.0, 0.0, 1.0]},
{ "rotation": [-3.004318654875064,0.040449730323146485,0.7497617136263354], "transformation": [0.8824792069274517, -0.03619120539882041, -0.46895697669666414, -10.090386452748126, -0.014472574379666339, -0.998652577142161, 0.049835476902956206, 24.785317069783144, -0.4701286993276631, -0.03719175740806622, -0.8818139141844947, 764.269703524078, 0.0, 0.0, 0.0, 1.0]},
{ "rotation": [-2.9985056603964377,0.04574205534706805,0.7386964360556474], "transformation": [0.8852311174279675, -0.04143138548098711, -0.46330261064919265, -11.033129249641412, -0.01604382996496569, -0.9981522564608034, 0.05860604441746433, 23.72720352149453, -0.4648746758614485, -0.04444674588012471, -0.8842601554539143, 763.7171138877546, 0.0, 0.0, 0.0, 1.0]},
{ "rotation": [-2.9944205601083684,0.040458489828474546,0.7406918903870525], "transformation": [0.8844529778137766, -0.03903624024927279, -0.46499365800357256, -10.766622748038229, -0.01184318485324132, -0.9980515867614597, 0.06125984929351682, 23.411037934557203, -0.4664790123991371, -0.048674450280752964, -0.8831920113321859, 763.5787037454024, 0.0, 0.0, 0.0, 1.0]},
{ "rotation": [-2.9940583511695076,0.03786496513215452,0.7342575944488655], "transformation": [0.8863530853716959, -0.03777856096390964, -0.46146612918346697, -11.359434861528904, -0.009890341969376491, -0.9979831256662898, 0.06270456140562115, 23.677235866229573, -0.46290429808741773, -0.051014323643842285, -0.8849390654702484, 763.8897923440201, 0.0, 0.0, 0.0, 1.0]},
{ "rotation": [-2.9913189052948432,0.037710699564929936,0.7384634459394266], "transformation": [0.8849353325812964, -0.03816789970703789, -0.46414724881354696, -11.003289435299305, -0.009312045706443877, -0.9978868854009064, 0.06430435249374022, 23.73718302976677, -0.465620814562657, -0.052583033165000966, -0.8834207840373556, 763.1177730290893, 0.0, 0.0, 0.0, 1.0]},
{ "rotation": [-2.9918887327272703,0.03965745052535004,0.7300692962561094], "transformation": [0.8873988020010801, -0.03959943806716858, -0.4592986508926545, -11.790662076817998, -0.010385078106531663, -0.9977682215594077, 0.06596003486125496, 24.002807455596166, -0.46088557838119565, -0.05376300355208229, -0.8858295677438689, 763.217916407282, 0.0, 0.0, 0.0, 1.0]},
{ "rotation": [-2.982851466835404,0.044978012255244476,0.7252629830224316], "transformation": [0.8880996180693648, -0.045309708344210387, -0.4574123945793457, -11.618454805945058, -0.011554020267704523, -0.9970158175650746, 0.07632800364675649, 23.242469299690523, -0.45950579212965525, -0.06250191880901249, -0.885972876077191, 764.1216303481903, 0.0, 0.0, 0.0, 1.0]}]