[{ "rotation": [-3.00882079218943,-0.05854144117041388,-0.6584600742856128], "transformation": [0.9079893996870069, 0.050118965405951954, 0.415984782609491, -1.787786878598735, 0.024054635703531488, -0.9974179813082917, 0.0676664249392744, 2.000104848029484, 0.4183020733360031, -0.05143403415569363, -0.9068505475398203, 685.8098135075638, 0.0, 0.0, 0.0, 1.0]},
{ "rotation": [-2.99578591850059,-0.06345005774859942,-0.6937129042462049], "transformation": [0.8975185418487506, 0.0549916770476335, 0.43753443577983875, -2.905321733853152, 0.02529444093283317, -0.9969803531369814, 0.07341911683448105, 1.4871401596538616, 0.4402506766554578, -0.05482782974319284, -0.8961993365262346, 688.4276071505884, 0.0, 0.0, 0.0, 1.0]},
{ "rotation": [-2.9927259566643425,-0.07377853822223122,-0.7142811287242374], "transformation": [0.8912348935397056, 0.06139905803290643, 0.4493667991851888, -3.150793160122007, 0.031748034842962215, -0.9968094498454503, 0.07323239025472869, 1.473206308192066, 0.45242947165373754, -0.0510007487345295, -0.8903406633461359, 686.0581231812897, 0.0, 0.0, 0.0, 1.0]},
{ "rotation": [-2.9927043238347197,-0.07026759952078684,-0.7299036440328646], "transformation": [0.8868319846075224, 0.05854990066011251, 0.4583676910622888, -2.8224795112262657, 0.029968818167830064, -0.9971395123134897, 0.06938777212765432, 1.4212048967887663, 0.4611191830912117, -0.04779855767600838, -0.8860498839621768, 690.0981623595411, 0.0, 0.0, 0.0, 1.0]},
{ "rotation": [-2.9975973879840057,-0.09569126725137297,-0.7541987270435976], "transformation": [0.8792030954087633, 0.0719183425814949, 0.4709879712094357, -2.42949978702233, 0.04798304386420802, -0.99688146307798, 0.06264962947241981, 2.8160669832493395, 0.47402483534639295, -0.032482311676306885, -0.8799121290805055, 692.8920813046847, 0.0, 0.0, 0.0, 1.0]},
{ "rotation": [-3.001563025565949,-0.09573608766046489,-0.7898696806104358], "transformation": [0.8687364945508026, 0.06883102110301408, 0.49046834104710524, -3.39609755471051, 0.05033504385594816, -0.997438448680689, 0.05082247980451563, 3.8828567585541838, 0.49271014440094785, -0.019463597493193686, -0.8699757939029223, 689.4419835686044, 0.0, 0.0, 0.0, 1.0]},
{ "rotation": [-2.9920858306612956,-0.11659382401911836,-0.8255438123689103], "transformation": [0.8559453756494989, 0.08173515277956188, 0.5105652541099336, -2.661136625103127, 0.0628584462458427, -0.9965520523523713, 0.054155541617040545, 3.5086582261987322, 0.5132312633109931, -0.014260846832435534, -0.8581318655124188, 692.4318279808065, 0.0, 0.0, 0.0, 1.0]},
{ "rotation": [-2.9839225630546613,-0.12692443044396529,-0.8673528447243587], "transformation": [0.8411490904519783, 0.08709882290189322, 0.5337433865453644, -3.0073000226847726, 0.06948937672786781, -0.9961711991260861, 0.05304873753133085, 3.366419599990439, 0.5363202719959242, -0.007532402060445868, -0.8439809409965474, 689.7850224548986, 0.0, 0.0, 0.0, 1.0]},
{ "rotation": [-2.9716383132098563,-0.14017141497126512,-0.9227199472209648], "transformation": [0.8204636746096439, 0.09380349790682067, 0.5639505850927762, -2.176665227376915, 0.07790413458299213, -0.9955901707535302, 0.052260479464234406, 3.1500387808614305, 0.566365875085103, 0.0010562572611371862, -0.824153250226973, 691.3317048216992, 0.0, 0.0, 0.0, 1.0]},
{ "rotation": [-2.964369546231282,-0.1374772228176699,-0.9477728160942936], "transformation": [0.8110157502044282, 0.09199204088260271, 0.5777464126540303, -1.4324189615366771, 0.07595304379025919, -0.995758177940406, 0.051930590250811884, 3.7390794111498007, 0.5800729161573935, 0.0017650719691557244, -0.8145626412140451, 694.3110302956403, 0.0, 0.0, 0.0, 1.0]},
{ "rotation": [-2.974273914322581,-0.15684246401467858,-0.9396912710372396], "transformation": [0.8139124671454255, 0.10119965071118592, 0.5721058700285994, 0.24842285319731391, 0.09008855661327589, -0.9947859184533305, 0.047801970820251324, 3.6393881395095966, 0.5739604061192577, 0.01263357205613454, -0.8187855916322168, 695.6134554067744, 0.0, 0.0, 0.0, 1.0]},
{ "rotation": [-2.961805188102648,-0.16127158043450057,-1.0078143973867042], "transformation": [0.7877156803715099, 0.1001913364477989, 0.6078369049322797, -0.6830247991590067, 0.09448817768166742, -0.9946605222544761, 0.041502165568201806, 4.4824886084632265, 0.6087495307392418, 0.024741494887268907, -0.7929765868268093, 695.361408831969, 0.0, 0.0, 0.0, 1.0]},
{ "rotation": [-2.928566501001963,-0.13446980890774377,-1.039705653633315], "transformation": [0.7728701956710515, 0.0917537053273733, 0.6278956268378436, -0.34588916339004133, 0.07101040790398576, -0.9957816799300481, 0.05810652188008643, 3.0184291213321073, 0.6305784507995024, -0.00032167435234252764, -0.7761254498551833, 695.2245029969731, 0.0, 0.0, 0.0, 1.0]},
{ "rotation": [-2.9188208140368994,-0.12606974225034412,-1.0859161719265955], "transformation": [0.753994701448129, 0.0843722258949696, 0.651439419812521, -1.9139517449426822, 0.06711840699363025, -0.9964218016000849, 0.05136840214254937, 3.5872310276775354, 0.653442506752341, 0.004992073073332191, -0.7569596882104406, 690.0754938463953, 0.0, 0.0, 0.0, 1.0]},
{ "rotation": [-2.9079206903210033,-0.1274242525144524,-1.0843119310660645], "transformation": [0.7529855312117203, 0.08916880182189445, 0.6519675717146146, -1.3401331602677156, 0.0644067091857775, -0.9960060402032901, 0.0618364268891778, 2.692371539364639, 0.6548775195390831, -0.004570848959401519, -0.7557212063599433, 688.3579560299354, 0.0, 0.0, 0.0, 1.0]},
{ "rotation": [-2.9152355060757964,-0.13537860866465648,-1.06990898691694], "transformation": [0.7593137807808242, 0.09312571564043501, 0.6440265393621498, -1.4815613396134502, 0.07022198313559666, -0.9956536001093526, 0.06117827779358956, 2.649448909256801, 0.6469246133830695, -0.0012286886271444704, -0.7625529718802646, 687.9615549173252, 0.0, 0.0, 0.0, 1.0]},
{ "rotation": [-2.9472508770570958,-0.11723713115133186,-0.9428397355986525], "transformation": [0.8118184006462333, 0.08572330850625633, 0.5775832396728038, 0.3289656439219618, 0.05833893588063614, -0.9961230582706871, 0.06584391651297966, 0.9517317288826824, 0.580988341477267, -0.019757711410849498, -0.8136720346105673, 692.6464001898366, 0.0, 0.0, 0.0, 1.0]},
{ "rotation": [-2.9761992194778606,-0.11933041176203014,-0.8824416141218495], "transformation": [0.835721912472375, 0.08352821123863209, 0.542763229171606, 1.3782816064170869, 0.06362875628462562, -0.996436239348271, 0.055373299406364415, 1.6768391126247695, 0.5454541835820736, -0.011741330450575804, -0.8380583958007125, 694.9828203644688, 0.0, 0.0, 0.0, 1.0]},
{ "rotation": [-3.0010183397551398,-0.08785483614206085,-0.732005680738591], "transformation": [0.8862383393346887, 0.0673369095185859, 0.4583092258615144, 2.2727496182046405, 0.0430252299329182, -0.9970669687211251, 0.06329525633478755, 0.6377416801571882, 0.46122709751543695, -0.036375823038836116, -0.8865361605798903, 698.6029077572642, 0.0, 0.0, 0.0, 1.0]},
{ "rotation": [-3.029228921783336,-0.071401111477754,-0.6773590216056047], "transformation": [0.9037862907186516, 0.05287005234197464, 0.42470589620863314, 2.664961125839413, 0.03684537669502092, -0.9982680180932092, 0.045862645676608145, 2.1234304925170773, 0.42639507375815616, -0.025801581688201923, -0.9041689662099467, 701.4946827309562, 0.0, 0.0, 0.0, 1.0]},
{ "rotation": [-3.0329252271453964,-0.053470000065831406,-0.6037755248419517], "transformation": [0.9232312995674046, 0.04338679030992987, 0.38178731504030344, 0.6551442682696783, 0.024383957929573232, -0.9982174234918055, 0.05447382888204429, 1.5744907035441003, 0.38347019453247017, -0.040982458003194666, -0.9226435108107822, 693.1617442162, 0.0, 0.0, 0.0, 1.0]},
{ "rotation": [-3.0271729702574706,-0.04923537861701615,-0.5877644812692951], "transformation": [0.9269100183183492, 0.04226432905923064, 0.37289615770379175, -0.38115614018716587, 0.020362282459411327, -0.9978384077053298, 0.06248111363552282, 0.5562880304693307, 0.3747308305892661, -0.0503213532932595, -0.925767014971161, 692.762245032407, 0.0, 0.0, 0.0, 1.0]},
{ "rotation": [-3.0266560004406244,-0.03502769757784326,-0.5023350247351291], "transformation": [0.9462033344070481, 0.03448784090926803, 0.3217294496722378, 0.3554817167364574, 0.010497038697764062, -0.9970519939086477, 0.07600745766941172, -0.12963311909530614, 0.32340232240285727, -0.0685413034031801, -0.9437759414141852, 689.3055151595009, 0.0, 0.0, 0.0, 1.0]},
{ "rotation": [-3.012160678185703,-0.03407252089606111,-0.47988058581250803], "transformation": [0.9503544827098571, 0.03635107385381384, 0.30903876233080196, -0.3792769303009512, 0.007678265587017296, -0.9955901058497928, 0.09349537620424772, -1.4103076690501866, 0.3110745914260028, -0.08648086819449233, -0.9464426332353548, 685.8989657914267, 0.0, 0.0, 0.0, 1.0]},
{ "rotation": [-3.0335593437349093,-0.03189566005252474,-0.3869427168098854], "transformation": [0.9678227053514934, 0.031179417798436557, 0.24969392245681063, 2.1439726651854825, 0.01012812308294041, -0.9963163581181127, 0.08515360044694247, 0.3472991595436848, 0.2514291791517723, -0.0798846571752752, -0.9645733820809357, 686.8831240626139, 0.0, 0.0, 0.0, 1.0]},
{ "rotation": [-3.0401715526832365,-0.03513031634069615,-0.3684987617221164], "transformation": [0.9708279743753365, 0.032229320874421166, 0.23760116802375789, 1.3639561774843154, 0.013245962339536397, -0.9966208897683742, 0.08106384248845963, 0.9596981758547041, 0.23941092007671663, -0.07555178987468006, -0.9679743480045079, 688.8526845420921, 0.0, 0.0, 0.0, 1.0]},
{ "rotation": [-3.0376397489061766,-0.030197276503775145,-0.3300415228261754], "transformation": [0.9765158936739174, 0.02888143016578168, 0.2135007550192955, 1.429292112194632, 0.01034243523456778, -0.9961156106232925, 0.08744555052147576, 1.137520948386681, 0.21519698751527383, -0.08318385218396823, -0.9730214300313158, 689.8371294628549, 0.0, 0.0, 0.0, 1.0]},
{ "rotation": [-3.0480282149394355,-0.048292832987501394,-0.3148386957757848], "transformation": [0.9784271377583136, 0.03919845044848718, 0.20283938863177614, 0.7349151263779243, 0.023399973533358022, -0.9965436140574786, 0.07970738058609911, 2.0105531693402026, 0.20526270322860257, -0.0732414279195634, -0.975962558656627, 688.5104106501117, 0.0, 0.0, 0.0, 1.0]},
{ "rotation": [-3.0673097934292866,-0.020909827652830382,-0.2267076108631093], "transformation": [0.9890536617865702, 0.018394405489533822, 0.14640525930876044, 2.6889861862963294, 0.00869477710252111, -0.9977406602453627, 0.06661813374964104, 4.520211323247788, 0.1472998810512631, -0.06461594803014342, -0.9869789887846901, 691.8339247099202, 0.0, 0.0, 0.0, 1.0]},
{ "rotation": [-3.075013476030579,-0.03506696062280262,-0.19194693129718188], "transformation": [0.9919866262533605, 0.026455574484885933, 0.1235420410757033, 2.427457445135975, 0.018935434675798786, -0.9979179820657483, 0.061653470165622185, 4.867470140497209, 0.12491590230276794, -0.058820095617903925, -0.9904222401094323, 692.9998331006962, 0.0, 0.0, 0.0, 1.0]},
{ "rotation": [-3.0972873191960217,-0.012247837384119914,-0.1252106333096952], "transformation": [0.996707089492842, 0.009578236888340244, 0.08051853906287142, 3.3034026801899223, 0.006206330529624661, -0.9990973322413477, 0.04202382859258716, 7.624959008542317, 0.08084837175890038, -0.04138572321867694, -0.9958668398423565, 691.7038570452612, 0.0, 0.0, 0.0, 1.0]},
{ "rotation": [-3.103232767962595,-0.0040124890418841526,-0.10568281408902734], "transformation": [0.9976805427216434, 0.0038261610938333927, 0.06796245408997041, 1.725989863475502, 0.001338124556432447, -0.9993284824244869, 0.0366168490976948, 8.550046484193542, 0.06805691807097038, -0.03644097565181146, -0.9970157025825749, 688.7072293913288, 0.0, 0.0, 0.0, 1.0]},
{ "rotation": [-3.08975614822246,0.005292730078019675,-0.04189347281106397], "transformation": [0.9996267654731945, -0.002724515528684689, 0.02718283952664572, 2.151107195204558, -0.00412162628454242, -0.9986658337418898, 0.05147392265396931, 6.305189178341214, 0.02700633159775659, -0.05156674831468629, -0.9983043266068128, 690.0970180261287, 0.0, 0.0, 0.0, 1.0]},
{ "rotation": [-3.085638901730593,0.01551431158712733,0.029842816107505353], "transformation": [0.9997625766370726, -0.010585880327796372, -0.019045458610556308, 3.3338009735202787, -0.009507733698507784, -0.9983947175000435, 0.055835392610123005, 5.281959946647872, -0.01960595205337142, -0.05564105683480404, -0.998258322999807, 688.8292921656225, 0.0, 0.0, 0.0, 1.0]},
{ "rotation": [-3.0755235814862245,0.0496303104064857,0.12959035379079054], "transformation": [0.995940587613441, -0.0348245186895351, -0.08300360740494603, 4.933751167282871, -0.02952932343662896, -0.9975006865362096, 0.06419033741277143, 3.3186300665746296, -0.0850315529763343, -0.06147872199251305, -0.9944797643695924, 684.6556014971968, 0.0, 0.0, 0.0, 1.0]},
{ "rotation": [-3.062886135955913,0.05842146201590624,0.17961196108498137], "transformation": [0.9924336048001208, -0.04221542105254619, -0.11529700034604108, 5.8525644957992125, -0.03369060923829573, -0.9966208915648731, 0.07491155682262826, 2.299687291590479, -0.11806982219259594, -0.07046032019366388, -0.9905023272893482, 688.0223420094948, 0.0, 0.0, 0.0, 1.0]},
{ "rotation": [-3.0515650933737613,0.07228450878643346,0.2662791578008343], "transformation": [0.9838061993896541, -0.05365580345351787, -0.17101583785790594, 7.339928662382179, -0.040185251005076535, -0.9958808132801137, 0.08128069476941185, 1.6413408010207127, -0.17467257267282435, -0.0730921370346822, -0.9819098898878451, 687.9330032376448, 0.0, 0.0, 0.0, 1.0]},
{ "rotation": [-3.0620607477627217,0.07728687844400518,0.33150738096779964], "transformation": [0.9756083523706502, -0.05634227095299108, -0.2121647739104794, 8.469741293617748, -0.04329416323790499, -0.9969027406232964, 0.06565471169147116, 2.88427559288927, -0.21520678013054034, -0.05486778874367274, -0.975025931729113, 688.8998630039434, 0.0, 0.0, 0.0, 1.0]},
{ "rotation": [-3.047244294097695,0.08922653296372877,0.40849118849928656], "transformation": [0.9630808445852278, -0.06614969066107515, -0.2609588190087633, 9.60569641641509, -0.0486857565610811, -0.9961549633535985, 0.0728353354771281, 2.30412718494049, -0.2647734576974806, -0.05744133887223306, -0.9625983111804662, 691.4362290848047, 0.0, 0.0, 0.0, 1.0]},
{ "rotation": [-3.0342596495125354,0.10384300252285497,0.44595957853522844], "transformation": [0.9555277187591988, -0.07743037281723636, -0.2845545923864605, 7.819644615215283, -0.05623746833462617, -0.9950509849521048, 0.08191998841038849, 1.2617809395473878, -0.2894894226705923, -0.0622741897677525, -0.9551532858398264, 684.8664752708603, 0.0, 0.0, 0.0, 1.0]},
{ "rotation": [-3.0473187656283662,0.11150129776880946,0.49705068596967833], "transformation": [0.9456680713209262, -0.07950282602375883, -0.315263698415143, 8.95419230080354, -0.06278216146881235, -0.9960457145405012, 0.0628596432284363, 3.104109209622792, -0.3190145750360981, -0.039651421156602445, -0.9469199890776409, 684.9449280485248, 0.0, 0.0, 0.0, 1.0]},
{ "rotation": [-3.0484523210917884,0.1184088177594502,0.5337849290727747], "transformation": [0.9376983347140238, -0.08289249811041126, -0.33741764451724027, 9.415484676257249, -0.06755982750131802, -0.9960882674037272, 0.05695465958666481, 3.3206897732951077, -0.3408188709307914, -0.03061041158913389, -0.9396305124461447, 686.1804386460745, 0.0, 0.0, 0.0, 1.0]},
{ "rotation": [-3.01951770887782,0.1290527579147435,0.6003836601987725], "transformation": [0.9206342980514735, -0.09374397977257587, -0.37900469061433595, 9.492915783769424, -0.07027486331238375, -0.9946797878983334, 0.07532305844130334, 0.8377561850456735, -0.3840493885396713, -0.0427104882075247, -0.922324173682648, 683.9818120130833, 0.0, 0.0, 0.0, 1.0]},
{ "rotation": [-3.024650338159155,0.1342228240359441,0.6770266687357259], "transformation": [0.9010486473216778, -0.09287797491967535, -0.42365672062956206, 10.968892909058855, -0.07577692358254147, -0.9954899553618431, 0.05707544678792381, 2.5574303068494033, -0.42704706182356567, -0.019324351179162702, -0.9040228849090957, 683.1861471537701, 0.0, 0.0, 0.0, 1.0]},
{ "rotation": [-3.0272449816808242,0.13196145299221143,0.6893750065636337], "transformation": [0.8979981481653169, -0.09026152507262238, -0.430641594580952, 10.641223429135145, -0.0751602593256495, -0.9958151150334179, 0.051992231045433865, 2.7515744625268463, -0.4335323071118942, -0.01432179327266735, -0.9010242088466287, 683.1835073087492, 0.0, 0.0, 0.0, 1.0]},
{ "rotation": [-3.0168379868067507,0.13611722993301353,0.7290790544249299], "transformation": [0.8860441570588931, -0.09326339507619323, -0.4541229909183825, 11.17731388458053, -0.07687508091695118, -0.9955519963861583, 0.05446507528266997, 2.366029071324406, -0.4571826480475911, -0.013347720044883934, -0.8892726604893438, 685.0121383754721, 0.0, 0.0, 0.0, 1.0]},
{ "rotation": [-3.0055404571857878,0.13814343445186839,0.777243233178167], "transformation": [0.87096530964894, -0.09449760731586185, -0.4821717863995191, 12.264985835880934, -0.07743900944412349, -0.995467041202342, 0.05521385420497123, 2.2457417307212593, -0.48520369867143354, -0.010750446103861933, -0.8743350608914919, 677.8099076247405, 0.0, 0.0, 0.0, 1.0]},
{ "rotation": [-3.004833457656533,0.13192294479123612,0.791993990850405], "transformation": [0.8667519020691961, -0.08991419606404381, -0.4905676075787997, 11.825180467340157, -0.07395687161372823, -0.9959117329832166, 0.051867149984135844, 2.830070993380133, -0.4932256293021897, -0.008675105332098913, -0.8698581615107924, 683.2059850128854, 0.0, 0.0, 0.0, 1.0]},
{ "rotation": [-3.000038900486132,0.13442388177401599,0.8477949702970587], "transformation": [0.8486722676727271, -0.08857445832784988, -0.5214498512945981, 12.302127538683074, -0.07707378786196259, -0.9960648664738048, 0.043754005543844725, 3.1631305225801265, -0.5232733638432588, 0.003057304114671998, -0.8521593979906054, 680.4059203958512, 0.0, 0.0, 0.0, 1.0]},
{ "rotation": [-2.989808392910982,0.14572018802130313,0.9116196856208268], "transformation": [0.8259154855574449, -0.09263020132327561, -0.5561324091610022, 12.32053675392752, -0.0853486748863413, -0.9955846586501655, 0.039074175046686394, 4.149725039045493, -0.5572963434399659, 0.015193197926799528, -0.8301746516999906, 683.5449254475849, 0.0, 0.0, 0.0, 1.0]}]