[{ "rotation": [-3.0344689884095284,-0.010217785980682553,-0.2648390876825265], "transformation": [0.9848928631712502, 0.014965132694057255, 0.1725169350463511, -3.73180773994739, -0.0016286431204826533, -0.9954140863957552, 0.09564593105035908, 5.54976961307388, 0.1731571413367747, -0.0944819634022981, -0.9803518567309, 710.607961729836, 0.0, 0.0, 0.0, 1.0]},
{ "rotation": [-3.0241737033777567,-0.013807218456176515,-0.3015929078224033], "transformation": [0.9803155868546586, 0.019159918531208277, 0.1965050831192025, -4.205226935039343, -0.0011250133764203977, -0.9947219340010134, 0.10260121033489977, 4.877697615320353, 0.19743374715258305, -0.1008026365684992, -0.9751198613227653, 709.1652623281451, 0.0, 0.0, 0.0, 1.0]},
{ "rotation": [-3.0299790609111623,-0.010301068577731184,-0.31101872988068213], "transformation": [0.9791719415700392, 0.01646759632340971, 0.20236384833583837, -4.039158733995524, -0.0030414474519343633, -0.9954037759401602, 0.09571871521008107, 6.000722485533917, 0.20300999590995045, -0.09434055922772933, -0.974621362604597, 709.6651382221324, 0.0, 0.0, 0.0, 1.0]},
{ "rotation": [-3.019902888129187,-0.006624611054451305,-0.3051015304112238], "transformation": [0.9798396820429789, 0.014996617983920813, 0.19922173310901467, -3.0931165869230197, -0.006335234549558296, -0.9943449731546471, 0.10600914661144216, 4.34643352406027, 0.19968490753463872, -0.10513408491601807, -0.974203655244505, 706.8967641038824, 0.0, 0.0, 0.0, 1.0]},
{ "rotation": [-3.0270406829176943,-0.017475809083165938,-0.3238862040072617], "transformation": [0.9773506293191455, 0.021715636385547653, 0.21050933116097195, -3.1428747811651445, 0.001061244623064438, -0.9952117599820248, 0.09773651596681072, 5.923350602222451, 0.21162377259967532, -0.09529944349182375, -0.9726938855265975, 711.1793582662905, 0.0, 0.0, 0.0, 1.0]},
{ "rotation": [-3.0234029193806697,-0.012955403444615592,-0.36232873458698484], "transformation": [0.9717130899215823, 0.019896920969641737, 0.2353248465652925, -3.971201508439832, -0.003039076768556071, -0.9953086140479073, 0.09670329267625116, 5.4848612348851935, 0.2361449446578212, -0.09468302560629174, -0.9670939405117751, 712.9706221621275, 0.0, 0.0, 0.0, 1.0]},
{ "rotation": [-3.0330043201350567,-0.02549756278777569,-0.3875171610650715], "transformation": [0.9677955224529803, 0.027124201193059888, 0.25027206082501985, -3.0856195310881964, 0.005902100930526802, -0.9963498088345053, 0.08515998849254607, 6.586221523197336, 0.25166841662109674, -0.08094032459215315, -0.9644229735600178, 710.5275495337154, 0.0, 0.0, 0.0, 1.0]},
{ "rotation": [-3.0308901806663595,-0.01669910040782843,-0.4435330093720026], "transformation": [0.9580748560339356, 0.022108078232115715, 0.2856637938424041, -3.5636596176088786, -0.0005653477405076143, -0.9968708194109663, 0.07904587142185819, 7.0492529259831525, 0.2865174525530429, -0.07589336126296743, -0.9550643680395178, 710.9779667517444, 0.0, 0.0, 0.0, 1.0]},
{ "rotation": [-3.0418573117837315,-0.015530050627111661,-0.48348986108223685], "transformation": [0.9507146989500564, 0.019599193224340138, 0.30944697902105717, -2.5160076074648865, 0.00030004851107675624, -0.9980579630368874, 0.062291350840626085, 8.449182717851873, 0.31006688177100533, -0.0591284537563257, -0.9488742565720663, 714.0541254864278, 0.0, 0.0, 0.0, 1.0]},
{ "rotation": [-3.0310660631631468,-0.011961236977423316,-0.5792907138493574], "transformation": [0.9295478092050682, 0.01804824138500124, 0.36825959781785345, -6.143833942321635, -0.002831637241492899, -0.9984222767844114, 0.05607975616178106, 8.661601886560694, 0.36869072707703276, -0.05317159207265624, -0.9280301339740364, 701.6678937538304, 0.0, 0.0, 0.0, 1.0]},
{ "rotation": [-3.0170237533188344,0.028398380411783036,-0.6226767382920384], "transformation": [0.9182015279117703, -0.005746364813066921, 0.3960718791228761, -6.158108202767899, -0.03032975446989456, -0.9979793223603249, 0.05583348578606281, 8.257048930738582, 0.39495070595491655, -0.06327915480362956, -0.916520424449478, 704.7312419852987, 0.0, 0.0, 0.0, 1.0]},
{ "rotation": [-3.008944149193913,0.04424210685180717,-0.6701493371393084], "transformation": [0.9051699817645639, -0.015255423954020273, 0.42477591286738736, -6.24632918676249, -0.04071954353638582, -0.9978716040071256, 0.050933100145532866, 8.038797247029848, 0.42309481548055816, -0.0633997946071563, -0.9038646155023676, 707.2697961499665, 0.0, 0.0, 0.0, 1.0]},
{ "rotation": [-3.026232089085577,0.03692364983022264,-0.7684336927915457], "transformation": [0.8786043732699874, -0.018217809320305003, 0.4772027521865545, -9.07376707365606, -0.027620176805266326, -0.9995378818460053, 0.012694431379425438, 11.125304696687964, 0.47675096340133283, -0.02433380731349127, -0.8787015333533514, 702.2383846492329, 0.0, 0.0, 0.0, 1.0]},
{ "rotation": [3.0362516301462934,-0.05272803828911379,0.774867491798586], "transformation": [0.8771757802090825, -0.03447338928023571, 0.47893030395467745, -6.6291925270458405, -0.03072429059927268, -0.9994051413167048, -0.01566465693555716, 13.947853702539078, 0.4791854219211576, -0.0009741361663465351, -0.8777131550096373, 700.6464527158086, 0.0, 0.0, 0.0, 1.0]},
{ "rotation": [-3.019275861489308,0.05419728040728542,-0.8383037456294262], "transformation": [0.8563020651171811, -0.03127975671497648, 0.515527254464692, -7.156025137066261, -0.03536201453057238, -0.9993727619960641, -0.0019001338631363888, 12.292642134298514, 0.5152633319035917, -0.01660299371228375, -0.8568710751305582, 706.4049123620019, 0.0, 0.0, 0.0, 1.0]},
{ "rotation": [-2.990910072294266,0.0558188158561132,-0.9165800162999872], "transformation": [0.8277211594849793, -0.030332629114381764, 0.5603192070167239, -8.936152934300493, -0.03788513132240341, -0.9992803519246106, 0.001869513870102089, 11.358402553342794, 0.5598592671069446, -0.022775202928527687, -0.8282746471829492, 700.7363311219938, 0.0, 0.0, 0.0, 1.0]},
{ "rotation": [-2.9885279906639286,0.05403523155444914,-0.9544874537146488], "transformation": [0.8143345838125035, -0.03162556375671132, 0.5795334410747905, -9.042124401402484, -0.03398371529954434, -0.999399351312138, -0.006785550185314369, 12.211241956361143, 0.5793999419238469, -0.014168991281954108, -0.814920208968151, 699.4309069653151, 0.0, 0.0, 0.0, 1.0]},
{ "rotation": [-2.9726620329102835,0.06294091492782106,-0.9906630676394449], "transformation": [0.7993583221584576, -0.035704625510003654, 0.599792841332077, -9.56753959941795, -0.04049068640401918, -0.9991646922132408, -0.005515627702363953, 11.816401254592288, 0.5994887631228354, -0.019877060939940402, -0.8001363167222463, 696.3663011840372, 0.0, 0.0, 0.0, 1.0]},
{ "rotation": [-2.980675542901942,0.0634622208968919,-0.9841757091132599], "transformation": [0.8026533861251249, -0.037754400659054464, 0.5952496509639854, -8.185686109172217, -0.03900689663845303, -0.9991808335767389, -0.010776076629745456, 12.791275731639123, 0.5951688867510699, -0.014569387213218408, -0.803468561425849, 700.8778886837964, 0.0, 0.0, 0.0, 1.0]},
{ "rotation": [-2.9735858540052593,0.059915762994773636,-1.0016533885994814], "transformation": [0.7955355356737225, -0.03513724928547679, 0.6048872499838078, -9.097728800657277, -0.037220212644746314, -0.9992656988245651, -0.009094994410849398, 12.639840708131569, 0.6047626536510031, -0.015278640819908564, -0.796259188884934, 694.7713702581389, 0.0, 0.0, 0.0, 1.0]},
{ "rotation": [-2.968787362293687,0.05749499247178942,-1.0181635504370172], "transformation": [0.7889188587824153, -0.03382165290293736, 0.6135659133722835, -8.941085703793, -0.03546838273868223, -0.9993258256451656, -0.009480929517222673, 12.76267353466384, 0.6134729236758161, -0.014282506555973466, -0.7895865892497953, 703.0417144383273, 0.0, 0.0, 0.0, 1.0]},
{ "rotation": [2.988624737769082,-0.04627181726516615,0.9573401367820373], "transformation": [0.8134841232951222, -0.029004432265212796, 0.5808634297799599, -8.96600688265508, -0.027150488246446784, -0.999560668882717, -0.011887817744009242, 13.058940496993849, 0.5809530378049031, -0.006100174727654006, -0.813914218903655, 697.8850672874106, 0.0, 0.0, 0.0, 1.0]},
{ "rotation": [-3.0000364139751836,0.05051103550902333,-0.8519145089417788], "transformation": [0.8502924117852667, -0.024994565752000254, 0.5257167356507338, -8.576390786270116, -0.03730291955953341, -0.9992216794629162, 0.01282682671762509, 10.387382997360785, 0.5249869585549051, -0.030517322526360947, -0.85056298201432, 701.3811267184358, 0.0, 0.0, 0.0, 1.0]},
{ "rotation": [-3.0263162673638346,0.029963352628636114,-0.7152378774876427], "transformation": [0.8940479826371526, -0.011444294341395076, 0.4478250025059612, -7.306777197918936, -0.026051400731079876, -0.9993100419970865, 0.026471956552737767, 8.979983339472437, 0.44721306919899523, -0.035333667950113216, -0.893729266974516, 699.657247850282, 0.0, 0.0, 0.0, 1.0]},
{ "rotation": [-3.021551383695301,0.033918761686691355,-0.6704543687732696], "transformation": [0.9059713859450698, -0.011344080681871987, 0.42318690868486514, -6.33069011347421, -0.031423179744632344, -0.9986852772262134, 0.040500627480792216, 7.590600634973016, 0.42217109283264026, -0.04999028790759814, -0.9051367518178729, 703.32774003214, 0.0, 0.0, 0.0, 1.0]},
{ "rotation": [-3.0242358218095435,0.008738157336307537,-0.6169799291664606], "transformation": [0.9201296388255995, 0.005455068275142026, 0.3915759057766242, -5.154675503631737, -0.016542270802055135, -0.9984690901293095, 0.052780956159020065, 6.902192190499652, 0.39126436207682097, -0.05504287680038593, -0.9186307640625563, 702.1060633371126, 0.0, 0.0, 0.0, 1.0]},
{ "rotation": [-3.0387070145263984,-0.007006793930863158,-0.5812331145314991], "transformation": [0.9294397174339408, 0.013421057162885691, 0.36872982911739893, -4.547976336540475, -0.004528336042594445, -0.9988480727451895, 0.04777051125857816, 7.649490258756643, 0.3689462099398786, -0.04606954306101979, -0.9283082954348452, 707.2767638703835, 0.0, 0.0, 0.0, 1.0]},
{ "rotation": [-3.0584509706139325,-0.020807230257451806,-0.507168784536581], "transformation": [0.9464108933864928, 0.01999128734916653, 0.3223457294730348, -4.5123329020412655, 0.006480722035967146, -0.9990569688771005, 0.04293219281603019, 8.163180031029457, 0.32290001722092304, -0.038542461885864514, -0.9456479564354296, 709.9151557813444, 0.0, 0.0, 0.0, 1.0]},
{ "rotation": [-3.061853814376385,-0.021979152788194595,-0.46619219026482056], "transformation": [0.9546093348261231, 0.020700740906038587, 0.2971405344088352, -4.071689379564512, 0.007346987621150345, -0.9989149929839971, 0.04598759142068326, 7.684376695078256, 0.2977701120591551, -0.041717096228310255, -0.95372566508748, 708.2679474720103, 0.0, 0.0, 0.0, 1.0]},
{ "rotation": [-3.060596424883572,-0.02202935466622884,-0.37170455925454227], "transformation": [0.9708536234416559, 0.021213517785454335, 0.238732545986873, -2.0521273956414583, 0.007133271537914132, -0.998191513552083, 0.05968935172849486, 7.198507801751224, 0.2395670225372737, -0.05624667933103074, -0.9692491696033882, 711.4508364772025, 0.0, 0.0, 0.0, 1.0]},
{ "rotation": [-3.0528427706378194,-0.017626569432624178,-0.34258691815299486], "transformation": [0.9750921368751846, 0.019138205195746365, 0.22097297053276013, -2.197874059965038, 0.003641546444469749, -0.9975175085097208, 0.07032467103408299, 5.629798115446959, 0.22177029499840448, -0.06776835041850088, -0.9727411716062376, 713.4472657097202, 0.0, 0.0, 0.0, 1.0]},
{ "rotation": [-3.0439609480506973,-0.00946290511334134,-0.2717047054423306], "transformation": [0.9842010665721708, 0.013750573823452572, 0.17651963708813423, -1.1004100273510464, -0.0014365345418302184, -0.9963266881382589, 0.08562164955172667, 4.491781240356387, 0.17704857222443493, -0.08452249536646649, -0.9805660359457259, 707.6377408365487, 0.0, 0.0, 0.0, 1.0]},
{ "rotation": [-3.048013096400027,-0.016302535752536377,-0.2476091924766922], "transformation": [0.9868543430357559, 0.01736083277197133, 0.16067702734657008, -1.170333179275642, 0.003855592339313883, -0.9964595599438515, 0.08398499749490243, 4.883202543263381, 0.16156620945971284, -0.08226145441195037, -0.9834273806839277, 708.0140354658661, 0.0, 0.0, 0.0, 1.0]},
{ "rotation": [-3.0404293922212156,-0.025854037977916713,-0.20153594468312896], "transformation": [0.9911273892899504, 0.02312646226541884, 0.13088798624157208, -0.4751067262263793, 0.010660618369857273, -0.9954057224438412, 0.09515145265326656, 3.8005616864174936, 0.13248716698329718, -0.09291186398485786, -0.9868204173584976, 698.9390894956235, 0.0, 0.0, 0.0, 1.0]},
{ "rotation": [-3.033399053295659,-0.02859794120639951,-0.20642130624309743], "transformation": [0.9906290669217754, 0.02556708791232975, 0.1341654791120877, -2.7524232012618173, 0.011870800009909713, -0.9947229421504162, 0.10190854952723297, 3.6558640077414526, 0.1360629849621769, -0.099360919758741, -0.985704961815593, 702.6780749459189, 0.0, 0.0, 0.0, 1.0]},
{ "rotation": [-3.0257913861913246,-0.031054445630567595,-0.14381166610006968], "transformation": [0.9952973852231635, 0.02573016281210047, 0.09338668903862021, -1.3449593673258362, 0.015097171005206042, -0.9934997098735286, 0.11282908272628078, 2.095938482409409, 0.09568275913440577, -0.11088861620056925, -0.989216116125061, 695.6963437643604, 0.0, 0.0, 0.0, 1.0]},
{ "rotation": [-3.040259014386071,-0.020967291265339975,-0.12772237489742672], "transformation": [0.9963904760801107, 0.017865643782114016, 0.08298697457493452, -1.8938032929479347, 0.00960379427600351, -0.9950502275830535, 0.0989080973551591, 3.6176718032698028, 0.08434326477173161, -0.0977540963804793, -0.9916301479525931, 700.0327876127069, 0.0, 0.0, 0.0, 1.0]},
{ "rotation": [-3.0337593658603232,-0.02684100280882859,-0.08741733742815304], "transformation": [0.9981896421410064, 0.02068909317128401, 0.056474770881865595, -1.051840731555612, 0.014568460047634091, -0.9941830031629105, 0.10671417990977942, 3.3512371858092034, 0.058354076929121014, -0.10569823861222195, -0.9926845843771445, 700.2466000257732, 0.0, 0.0, 0.0, 1.0]},
{ "rotation": [-3.0330612844320117,-0.021848547800499746,-0.07818163277270739], "transformation": [0.998572520039391, 0.017118349686951254, 0.05059529944742713, -1.4775194536332357, 0.01159186046714062, -0.9941299039021998, 0.10757026976964083, 2.915395659028854, 0.05213972567141015, -0.10683022171369962, -0.9929092369071363, 699.132578889549, 0.0, 0.0, 0.0, 1.0]},
{ "rotation": [-3.046952298195447,-0.029392704942146006,-0.027285106214614305], "transformation": [0.9996543374770515, 0.020090723196147277, 0.016957841984545398, -1.078261452605982, 0.01840311735189147, -0.9953641821458528, 0.09440058354083436, 4.605584631926233, 0.018775804511379314, -0.09405587564088341, -0.9953898539880629, 698.5723644360538, 0.0, 0.0, 0.0, 1.0]},
{ "rotation": [-3.046319497847912,-0.027368247632542784,-0.007435484966655317], "transformation": [0.9998270660077766, 0.01815775152096169, 0.004016732251936569, -0.3458635211073845, 0.017694029189317922, -0.9953164472994033, 0.09503731407369308, 4.461952156007315, 0.005723583608920153, -0.09494980671384871, -0.9954656070380706, 705.3812851977793, 0.0, 0.0, 0.0, 1.0]},
{ "rotation": [-3.0419341234929202,-0.02355435521344973,-0.0020282150837789927], "transformation": [0.9998795025022889, 0.015513425480516993, 0.0005604512799459292, -0.29994916825236806, 0.015380876244285505, -0.9949277228221742, 0.09940953176552472, 4.432054349614716, 0.0020997908788069303, -0.09938893293392048, -0.9950464465986109, 697.6318642198257, 0.0, 0.0, 0.0, 1.0]},
{ "rotation": [-3.0406970983369366,-0.022671395385191882,0.02673688542659462], "transformation": [0.9997348908883864, 0.013988383837518544, -0.01828860459411386, 0.6939267882704011, 0.0157560736448053, -0.9948238049824251, 0.10038597104969064, 4.432973292782075, -0.01678970171519031, -0.10064751441493279, -0.9947804701331902, 704.0915375862588, 0.0, 0.0, 0.0, 1.0]},
{ "rotation": [-3.0521744026557216,-0.020144188812921234,0.047638987980459034], "transformation": [0.9994269494463628, 0.011783213280055129, -0.03173213836372961, 0.5266730656079598, 0.014556789635305208, -0.9959569672798406, 0.08864434106166094, 4.415746135406897, -0.030559329113244924, -0.08905546143577792, -0.9955577593452873, 697.4450377335947, 0.0, 0.0, 0.0, 1.0]},
{ "rotation": [-3.044342187134659,-0.016450370625074998,0.07675018524565896], "transformation": [0.9986743948982169, 0.00835330521135266, -0.0507905037061769, 1.1458796057181568, 0.013196711535089698, -0.9953144034941129, 0.09578666400818969, 4.211508139739233, -0.049752384659841296, -0.09632995634382993, -0.9941052458022013, 701.7943177638565, 0.0, 0.0, 0.0, 1.0]},
{ "rotation": [-3.0463240016652327,-0.026259797099799902,0.14271709943646793], "transformation": [0.9954815468418367, 0.012874559443459409, -0.09407834828759004, 1.3542872275151603, 0.02145556094173063, -0.9956400566789289, 0.09077740049734358, 4.026039117779134, -0.09249945298249038, -0.09238573080035824, -0.991417534615171, 702.1632624560552, 0.0, 0.0, 0.0, 1.0]},
{ "rotation": [-3.0612718133938213,-0.031502694103837776,0.1973748255294599], "transformation": [0.9915219531697045, 0.015722181167584164, -0.1289846091666288, 3.3381340209802977, 0.02521018569402042, -0.9970671947738007, 0.07225964048607465, 6.263712598199306, -0.12747024327193907, -0.07489874581885476, -0.9890103715103069, 694.2844746270916, 0.0, 0.0, 0.0, 1.0]},
{ "rotation": [-3.0775119336039465,-0.03948976966229831,0.2906713212972372], "transformation": [0.9820039667806967, 0.02070476335046689, -0.18772192733289894, 5.938455105386534, 0.030128032105668657, -0.9984175182594834, 0.04748432282357861, 8.106730909675704, -0.1864417091436807, -0.05228548562627292, -0.9810737572091142, 703.3420881892381, 0.0, 0.0, 0.0, 1.0]},
{ "rotation": [-3.0623444584827717,-0.04958554063921355,0.32503829780522014], "transformation": [0.977228498667832, 0.025482790050187533, -0.21065395510807414, 7.2979191485895205, 0.038486337177257766, -0.9975825004631717, 0.057861529709509134, 7.272464643755225, -0.20867022605559923, -0.06465123495265998, -0.9758467884750152, 705.5516845965709, 0.0, 0.0, 0.0, 1.0]},
{ "rotation": [-3.0533422238236967,-0.047811827444726306,0.38598100493803983], "transformation": [0.9680996744829861, 0.022819100239386596, -0.24952416502255054, 8.05751330960901, 0.03875397744283815, -0.997497433602351, 0.0591354309114556, 7.105905905664175, -0.2475502969060958, -0.06691904527851823, -0.9665612716639931, 705.1990628964886, 0.0, 0.0, 0.0, 1.0]}]