[{ "rotation": [-2.8870704897951205,0.02947292711224593,-0.7973125323016784], "transformation": [0.8588513075058165, 0.019938619792551893, 0.5118367738218086, -5.719413764859124, -0.05767300697192966, -0.9891239860198507, 0.1353054490662434, 10.594326009875454, 0.5089678338189605, -0.14572642766831997, -0.8483605085202074, 544.489259486319, 0.0, 0.0, 0.0, 1.0]},
{ "rotation": [-2.8805060624104373,0.04011878316465343,-0.8235147678895955], "transformation": [0.8493502612738116, 0.01421618015481568, 0.527638165693037, -6.80824145039673, -0.06543654299429004, -0.9890896671037472, 0.13198367046553436, 11.278671068999502, 0.5237577612933898, -0.14662718250857906, -0.8391533094938805, 546.0931522121556, 0.0, 0.0, 0.0, 1.0]},
{ "rotation": [-2.888972211164773,0.03284657663172114,-0.8230481627744922], "transformation": [0.8503463133145038, 0.016619031515448766, 0.5259609826060481, -6.492898090760246, -0.058479997845697525, -0.9903254967218712, 0.12583918465464733, 11.437445591538419, 0.5229638967313119, -0.13776508387130515, -0.8411477541915772, 541.7509623803386, 0.0, 0.0, 0.0, 1.0]},
{ "rotation": [-2.882483209853417,0.03749962121406458,-0.8197542535250715], "transformation": [0.8508389885345372, 0.015464383450694171, 0.5251988846465848, -5.8315534060203476, -0.06334985510625606, -0.9892556925836256, 0.13175724097334404, 11.67078343300498, 0.5215935308720222, -0.14537547088618966, -0.8407176464289754, 545.1905412508578, 0.0, 0.0, 0.0, 1.0]},
{ "rotation": [-2.8827444245412344,0.03851116637187887,-0.8230848113166455], "transformation": [0.8497152557336024, 0.01465840849661586, 0.5270380586199873, -5.741517566158255, -0.06380561237175039, -0.9894077327370163, 0.13038858167056966, 11.346904268936678, 0.5233668197387419, -0.14442115309241654, -0.8397795559169157, 544.1690082643713, 0.0, 0.0, 0.0, 1.0]},
{ "rotation": [-2.8766643009913304,0.036734709582065754,-0.8512914952733431], "transformation": [0.8394834548408261, 0.016621145293115144, 0.5431309847335694, -7.040238453699249, -0.06334633451110715, -0.9897233987535359, 0.12819842379591195, 11.006053851381944, 0.5396802488071234, -0.1420258127556202, -0.829803529492727, 543.569944601057, 0.0, 0.0, 0.0, 1.0]},
{ "rotation": [-2.8718653216759042,0.030809150640438904,-0.8654768160251162], "transformation": [0.8341280805823535, 0.021262815026564026, 0.5511608094568629, -7.763856685471925, -0.06039965799630901, -0.9897262670638407, 0.12959088547349298, 11.105666135812546, 0.5482537975225771, -0.1413853209531357, -0.8242742046922564, 542.6232776526666, 0.0, 0.0, 0.0, 1.0]},
{ "rotation": [-2.887404603883532,0.026228930804205654,-0.8687268302267892], "transformation": [0.8345072442580731, 0.019674814173788926, 0.5506455856247504, -7.656204222328119, -0.052859295367161635, -0.9918942570533636, 0.11554946004998362, 11.972078234157722, 0.5484556082073412, -0.12553359913498247, -0.8267029462353046, 543.8098428429902, 0.0, 0.0, 0.0, 1.0]},
{ "rotation": [-2.8853812107524055,0.022543071295255374,-0.8721354281504434], "transformation": [0.8331482312623635, 0.02244431127305306, 0.5525941346375962, -7.814455573707738, -0.050962318198078185, -0.9918093691292779, 0.11711967141032198, 11.746728783388269, 0.5506967104207845, -0.12573952520533177, -0.8251804075066642, 544.081892857388, 0.0, 0.0, 0.0, 1.0]},
{ "rotation": [-2.882293353995994,0.013559328998835479,-0.8911141044743806], "transformation": [0.8261488462541356, 0.028171270262755427, 0.5627472464301743, -7.927710124885858, -0.04527996096737534, -0.9921997678441399, 0.11614364306679856, 11.242104050453166, 0.5616296012210836, -0.12143311007224403, -0.8184290994401585, 545.2896664931575, 0.0, 0.0, 0.0, 1.0]},
{ "rotation": [-2.8948718127250808,0.020654492245908318,-0.8770859860513318], "transformation": [0.832330104088195, 0.020735560222783816, 0.5538922588110278, -6.871770181931856, -0.046785326653219855, -0.9931056122334687, 0.1074819806308892, 11.722577761618558, 0.5523022098801404, -0.11537451838527704, -0.8256215776424928, 547.4588044436687, 0.0, 0.0, 0.0, 1.0]},
{ "rotation": [-2.884044024622031,0.006195765729320643,-0.8869812428098074], "transformation": [0.8278337410861688, 0.03251418202360749, 0.5600304679984961, -7.345744700083061, -0.04033450788951625, -0.9922851093172591, 0.1172322024895273, 11.029697795858635, 0.5595216033296565, -0.11963732609253143, -0.8201356507388518, 545.1085113968405, 0.0, 0.0, 0.0, 1.0]},
{ "rotation": [-2.8992113021683306,0.008232085284662188,-0.8748954872184777], "transformation": [0.8335920077566416, 0.02745636948477386, 0.5516978451824572, -6.923328798446284, -0.03783268349119404, -0.9935807718143005, 0.10661115298482675, 12.384587733809425, 0.5510835260322215, -0.1097424150254339, -0.8272022423085417, 546.6911285481489, 0.0, 0.0, 0.0, 1.0]},
{ "rotation": [-2.9010466320765285,0.016236387256462724,-0.7941873673680214], "transformation": [0.8611309168550451, 0.024845948314711326, 0.5077757604383376, -6.41258704117395, -0.04557847563458057, -0.9910096987115774, 0.12578704074115313, 10.483295717124129, 0.5063360016779542, -0.1314627548468815, -0.8522566500138625, 542.8768642732911, 0.0, 0.0, 0.0, 1.0]},
{ "rotation": [-2.919773090804663,0.013185226824935524,-0.7693622076105123], "transformation": [0.8705986183773521, 0.02262732673230572, 0.49147334593484876, -6.38694869058782, -0.03945470204724017, -0.9925136490096801, 0.1155853927442953, 11.638676672213846, 0.4904093924119007, -0.12001941765580673, -0.8631882571141427, 544.2308821138358, 0.0, 0.0, 0.0, 1.0]},
{ "rotation": [-2.9584427972784293,0.024196521446372462,-0.6225862031303822], "transformation": [0.9153569266795272, 0.008686514564859991, 0.40254967549921633, -4.868503907927444, -0.03990293207672375, -0.9928886049053253, 0.11216048439997638, 11.760699750573925, 0.40066126939285046, -0.1187297886542019, -0.9085008445205972, 543.0152019598713, 0.0, 0.0, 0.0, 1.0]},
{ "rotation": [-2.964650431220879,0.009462228288889145,-0.5608228776348994], "transformation": [0.9311499660985652, 0.016914422839192613, 0.36424393328463056, -4.11016694263824, -0.029192377172648217, -0.992259124138671, 0.12070474588253485, 11.023322796784194, 0.36346601732438655, -0.12302736631975209, -0.9234482775915359, 541.9743924268934, 0.0, 0.0, 0.0, 1.0]},
{ "rotation": [-2.99014438435702,0.022274355245862264,-0.4813572515513244], "transformation": [0.94953492730925, 0.003425170951084624, 0.31364261512710856, -3.0999442484597965, -0.032375546837689194, -0.9935291763676408, 0.10886505257977853, 11.708856599060189, 0.3119859704967137, -0.11352552096420081, -0.9432797624793137, 542.6841761053065, 0.0, 0.0, 0.0, 1.0]},
{ "rotation": [-3.0051603881452644,0.029680371096300284,-0.42670696456080287], "transformation": [0.9603981058846981, -0.0044130822204415665, 0.2785964876275362, -1.8307140365044199, -0.034199367784607415, -0.9941813385712359, 0.1021463130995873, 12.313673448167185, 0.27652464891256523, -0.10762894936782291, -0.9549607990916492, 541.5305677441967, 0.0, 0.0, 0.0, 1.0]},
{ "rotation": [-3.0076939046985354,0.02107308381527672,-0.3680147777674126], "transformation": [0.9704952367303247, -0.0002618549416180359, 0.24112015037267615, -0.6947361006060868, -0.027263420477701153, -0.9937056326009182, 0.10865459788276405, 11.280887827073949, 0.23957399981552352, -0.11202252973932805, -0.9643937222126618, 542.5229895092043, 0.0, 0.0, 0.0, 1.0]},
{ "rotation": [-3.0104969747118884,0.0022995329342510814,-0.30851069544593784], "transformation": [0.9792825671106528, 0.010224246838351747, 0.20224024952950923, -0.26673235111590604, -0.013237802299129556, -0.9933559129568861, 0.11431881202969386, 11.488433425325734, 0.2020653714604728, -0.11462763615367706, -0.972640781936662, 547.0923655766134, 0.0, 0.0, 0.0, 1.0]},
{ "rotation": [-3.0003965831421,0.00660278995317705,-0.26542642152581586], "transformation": [0.9845253515300004, 0.007028293687749301, 0.17510121439490134, 0.8988005979814743, -0.015725904277329218, -0.9916207094644689, 0.12822271443018077, 10.55719404504723, 0.17453517734081786, -0.12899213793492278, -0.9761652012961675, 545.9647622855788, 0.0, 0.0, 0.0, 1.0]},
{ "rotation": [-3.029840453710724,-0.002853694370978803,-0.2416457618672913], "transformation": [0.9873897907185231, 0.009972442598756822, 0.15799351750450566, 1.04793572873622, -0.006238560678857126, -0.9947875176595149, 0.10177855898703102, 14.02936526171564, 0.15818495992188467, -0.1014807622036553, -0.9821808251829584, 548.4271227476348, 0.0, 0.0, 0.0, 1.0]},
{ "rotation": [-3.043030085520542,-0.004388034513528943,-0.22112497773434442], "transformation": [0.9895121673954829, 0.009415575788123801, 0.14414235154482372, 0.2727873356653936, -0.0036896537290493766, -0.995900300131726, 0.09038240234081867, 15.208478680051337, 0.1444024135243354, -0.08996632219956537, -0.9854207242788386, 546.9500733824656, 0.0, 0.0, 0.0, 1.0]},
{ "rotation": [-3.037934635999894,0.002232088084652324,-0.1642702762855141], "transformation": [0.9941825347026765, 0.0038868753641252284, 0.10763818974725232, 0.8034195388631025, -0.006810054292700447, -0.995080743343761, 0.09883287604313892, 14.573027880833632, 0.10749284093693036, -0.09899094113267004, -0.989265425819065, 547.9765789792364, 0.0, 0.0, 0.0, 1.0]},
{ "rotation": [-3.0239758374071224,0.009347145851231838,-0.12475826814715443], "transformation": [0.9965938567896064, -0.0014198566892592301, 0.08245403941712072, 0.6832179861946291, -0.010882279937802058, -0.9933723353368232, 0.11442455755134572, 13.551247797386042, 0.08174509522028488, -0.11493209906047953, -0.9900042181793867, 547.7508505793663, 0.0, 0.0, 0.0, 1.0]},
{ "rotation": [-3.0001001941005225,0.01802676885974549,-0.09596998317652612], "transformation": [0.9978937899569044, -0.007487656239445307, 0.0644353860040046, 0.9409335025769012, -0.016404504250316018, -0.990157644359503, 0.13899183989264058, 11.722537806874339, 0.06276046690191638, -0.13975612444712382, -0.9881949956733102, 545.8500419186197, 0.0, 0.0, 0.0, 1.0]},
{ "rotation": [-3.0126928983611987,0.02213037422885346,-0.06880855719717727], "transformation": [0.9988541616081897, -0.011707491407189609, 0.046403647302240454, 0.9496045852504921, -0.017538272929160974, -0.9917075731962135, 0.1273126005073297, 13.31192999945643, 0.04452833727709137, -0.12798056067320243, -0.9907765657650116, 546.6122791031319, 0.0, 0.0, 0.0, 1.0]},
{ "rotation": [-3.0001964127225307,0.0323378970777087,-0.044194224367971005], "transformation": [0.9993371942205772, -0.01937496871922245, 0.030818546923465064, 0.2132425230217717, -0.023511495421469863, -0.9898593695048771, 0.14009153502782867, 12.022717013787585, 0.02779175831772556, -0.1407232716736514, -0.9896588194822864, 547.8298535482216, 0.0, 0.0, 0.0, 1.0]},
{ "rotation": [-3.0021007018370294,0.03451220105392374,-0.02430590827560192], "transformation": [0.9996065730538085, -0.02175310232822236, 0.017705977711458407, 0.510080257704311, -0.023999541045660978, -0.9900649937815613, 0.13854721259525368, 12.24772893718841, 0.014516237019917003, -0.1389176397273387, -0.9901975400067236, 548.2382783593062, 0.0, 0.0, 0.0, 1.0]},
{ "rotation": [-3.0114015625318764,0.03532503725495912,0.011633001291595007], "transformation": [0.9996962812652237, -0.023858963573288552, -0.006172121328234062, 1.0213379955678996, -0.022857785621040877, -0.9912928876424012, 0.129676260534041, 13.27395933146164, -0.009212321150746355, -0.1294957943981133, -0.9915371764952725, 546.9991027835205, 0.0, 0.0, 0.0, 1.0]},
{ "rotation": [-3.020437483842388,0.03418286355065699,0.062422220045697155], "transformation": [0.9988942519910075, -0.02501990778733911, -0.03980298423030918, 2.3029720897250288, -0.020060190842771046, -0.9925155674625218, 0.12045927564077419, 13.75589935263857, -0.04251896144870896, -0.11952762257679794, -0.9919199994749888, 548.6787643366381, 0.0, 0.0, 0.0, 1.0]},
{ "rotation": [-3.0261089965242864,0.06444353316661305,0.2095817402572213], "transformation": [0.9895846977656606, -0.04966173897214895, -0.13511416517267194, 4.856771016749085, -0.03483192305123962, -0.9933223597613787, 0.10998830271732817, 14.193397674171237, -0.13967413176604482, -0.1041364550978582, -0.9847064210388056, 549.7093399144393, 0.0, 0.0, 0.0, 1.0]},
{ "rotation": [-3.0486769343997007,0.07476668211454189,0.2588996706074097], "transformation": [0.9845202146640912, -0.05543542858284246, -0.1662734500021227, 6.293026800182089, -0.04174159738555918, -0.9955273504269657, 0.08475218934969918, 16.47455741024223, -0.17022804106689857, -0.07649972424592104, -0.9824307640871311, 554.1239609156182, 0.0, 0.0, 0.0, 1.0]},
{ "rotation": [-3.058025120897483,0.11921659456264624,0.364155214797151], "transformation": [0.9691122780281622, -0.08374069996890965, -0.23196742819582125, 8.10214966643466, -0.0696516261461371, -0.9952311768139687, 0.06829023116582525, 18.857896653970354, -0.2365798883047018, -0.05002399290540645, -0.970323428854284, 544.4714949352301, 0.0, 0.0, 0.0, 1.0]},
{ "rotation": [-3.0476868779128616,0.12986977453421014,0.43755789853899146], "transformation": [0.9561667216803638, -0.09178332095990012, -0.278066578978126, 9.020948545095933, -0.07477832632372995, -0.9946566407526387, 0.07117843015196432, 20.247882480047842, -0.2831137620520206, -0.04726509283020892, -0.9579209825118685, 549.9350241522994, 0.0, 0.0, 0.0, 1.0]},
{ "rotation": [-3.017200971290375,0.13439505022440867,0.5666633055315139], "transformation": [0.9282471458764818, -0.0984435078886055, -0.35870058813270844, 12.133580201904014, -0.07312600330351295, -0.9938199961942451, 0.08351289005491981, 20.823478997991643, -0.3647051189838435, -0.05129026144461128, -0.9297093552653559, 547.8140527762978, 0.0, 0.0, 0.0, 1.0]},
{ "rotation": [-3.013416927430509,0.1264614761612509,0.6063065287144564], "transformation": [0.9190233815024592, -0.09328268798297941, -0.3830070030357879, 12.33192457285445, -0.067607062542151, -0.9945002241826922, 0.07999118198274457, 22.09959899792036, -0.3883623428529182, -0.047619788147838155, -0.9202755274538965, 546.6452017741195, 0.0, 0.0, 0.0, 1.0]},
{ "rotation": [-2.986401954982682,0.11565818402006897,0.691094123500416], "transformation": [0.8957840388567724, -0.08999061173642683, -0.43528455696102036, 12.69041264668144, -0.05663778029807739, -0.9944174041094821, 0.08902914268409916, 22.713059374547697, -0.44086632619463556, -0.055097333905214, -0.8958801070590766, 542.6391390763575, 0.0, 0.0, 0.0, 1.0]},
{ "rotation": [-2.96361651445455,0.10688541013713063,0.7661373031312858], "transformation": [0.8726279031921408, -0.08708742551523015, -0.4805583449359889, 14.193656378613827, -0.04776531542933905, -0.9944742750414484, 0.09348470956643849, 23.58852688017558, -0.486044254376516, -0.05862334516141886, -0.8719657597576075, 541.9178874590428, 0.0, 0.0, 0.0, 1.0]},
{ "rotation": [-2.9313564047918086,0.10038269356905095,0.8283147557409216], "transformation": [0.8504361395332877, -0.088672136817326, -0.5185514677714915, 13.803755672878422, -0.037761121160119065, -0.9934390679441621, 0.10794867303939126, 23.38527005180926, -0.5247213263289854, -0.0722223679650841, -0.8482048451058662, 540.8037479645421, 0.0, 0.0, 0.0, 1.0]},
{ "rotation": [-2.9291863699861755,0.1048272065832314,0.8410845706286015], "transformation": [0.8458070678226547, -0.09131027769895264, -0.5256166256957467, 13.810988653984635, -0.04049776275075637, -0.9933902871312407, 0.10740423010987324, 23.341745671555213, -0.5319495607982264, -0.06955695953570212, -0.843914387924938, 537.4144742203588, 0.0, 0.0, 0.0, 1.0]},
{ "rotation": [-2.923227587513389,0.10365330357957743,0.8528480443314296], "transformation": [0.8413420177582548, -0.09160939893826854, -0.5326831395685789, 14.063954671845503, -0.038655121662876726, -0.9932066844169375, 0.10975547183964095, 23.279820004956076, -0.5391190877011285, -0.07175095856978624, -0.8391676883797539, 535.0308583522839, 0.0, 0.0, 0.0, 1.0]},
{ "rotation": [-2.9386898728790083,0.1184313709286218,0.8453898254166149], "transformation": [0.8446272015850178, -0.09667643443380963, -0.5265534705685904, 13.129045286645525, -0.05173617429389352, -0.993696008417705, 0.09945657908933073, 24.18631699437053, -0.5328491893698384, -0.056761869947049265, -0.8443043476780281, 538.3983555968958, 0.0, 0.0, 0.0, 1.0]},
{ "rotation": [-2.9368806777414886,0.09908263144401483,0.8721798514620414], "transformation": [0.836225882290135, -0.08355124772668576, -0.5419828989842752, 14.024475342608477, -0.040151106792438385, -0.9950009372454247, 0.09143863244859063, 23.46830435974545, -0.5469133042918477, -0.054702137837933096, -0.8354002116976823, 534.8094278279469, 0.0, 0.0, 0.0, 1.0]},
{ "rotation": [-2.957538101360959,0.09797874992661532,0.8692455312486682], "transformation": [0.8392473059451192, -0.07704674180610335, -0.5382636519782126, 13.62906039659403, -0.0447070675454662, -0.996336079564308, 0.0729088106466568, 24.667893151606698, -0.5419088830932225, -0.0371243334686103, -0.8396169044803514, 536.4488552363254, 0.0, 0.0, 0.0, 1.0]},
{ "rotation": [-2.949929584776245,0.09450609753510517,0.851695793820326], "transformation": [0.8445540667883832, -0.07833029191514443, -0.529710103395897, 13.078430891764361, -0.03970100566879947, -0.9956798776825251, 0.08393694852088535, 24.16521986357769, -0.5339964966365319, -0.049859267409380015, -0.8440152812794981, 537.3679783800342, 0.0, 0.0, 0.0, 1.0]},
{ "rotation": [-2.954061450622826,0.09647287770939149,0.8389804791043499], "transformation": [0.8490748557034004, -0.07918630826643028, -0.5223039517324977, 12.407289052945638, -0.041430520439280624, -0.9956379749013008, 0.08359745756042508, 24.3609936080526, -0.5266454228305604, -0.049341174667518806, -0.8486518998352914, 538.0148085544432, 0.0, 0.0, 0.0, 1.0]},
{ "rotation": [-2.9507228373849665,0.08554220640779163,0.842089016842731], "transformation": [0.8481392972862722, -0.0732016864812506, -0.5246915717781728, 12.715364029726167, -0.033804691986490026, -0.9958673858111318, 0.08429349131101953, 24.947525986692895, -0.5286936496672221, -0.05375558551446612, -0.8471088252565603, 538.4347320325554, 0.0, 0.0, 0.0, 1.0]},
{ "rotation": [-2.970042310466553,0.10688862319576975,0.8420062244339596], "transformation": [0.8491019988553099, -0.08084310595132213, -0.5220059269395902, 13.183093170562431, -0.052151523230418856, -0.9962210081654765, 0.06945445640496058, 26.095004096257654, -0.5256481847820504, -0.03175051353765464, -0.8501093404529977, 537.1291404672049, 0.0, 0.0, 0.0, 1.0]}]